/* 
BONUS: Selezionare per ogni studente il numero di tentativi sostenuti per ogni esame, stampando anche il voto massimo.
Successivamente, filtrare i tentativi con voto minimo 18.
*/

SELECT
id,
COUNT(*) AS "numero_tentativi",
MAX(vote) AS "voto_massimo"
FROM students
JOIN exam_student ON exam_student.student_id = students.id
GROUP BY students.id

id,numero_tentativi,voto_massimo
81,3,29
119,10,32
235,6,27
342,7,33
478,5,33
553,7,31
637,8,27
723,11,32
757,16,32
1088,6,29
1302,16,31
1356,8,26
1418,10,32
1444,5,29
1510,7,33
1552,12,27
1653,9,32
1798,9,28
1995,4,33
2294,15,33
2296,15,32
2414,2,4
2439,14,33
2650,5,20
2668,14,32
2714,10,28
3213,6,29
3383,10,30
3643,6,24
3649,7,33
4282,4,32
4432,6,32
4703,7,29
4897,8,31
197,8,30
285,7,32
391,14,32
524,1,29
829,5,31
1257,13,33
1579,3,33
2153,2,32
2234,9,29
2283,5,24
2575,8,24
2850,8,33
3476,9,27
3613,9,26
4020,5,33
4719,6,30
4930,5,28
358,3,30
511,5,24
690,6,24
1536,11,32
2455,13,26
2522,12,31
2936,3,10
3355,5,30
3484,5,25
3897,3,25
4167,10,33
4430,3,17
357,3,29
619,12,33
1438,3,29
3579,14,31
3793,4,32
4258,6,30
1348,4,25
110,5,32
304,12,33
350,17,29
368,23,33
440,19,33
530,8,25
1000,16,32
1150,11,31
1213,4,24
1296,4,33
1399,14,29
1533,16,32
1729,18,32
1959,22,32
1997,22,33
2071,9,28
2086,11,25
2089,8,33
2143,7,24
2165,21,33
2295,11,28
2460,13,32
2535,7,33
2542,10,25
2782,9,31
2917,14,28
2918,20,31
3097,21,32
3252,11,31
3268,13,29
3272,23,32
3275,12,33
3520,11,31
3546,16,29
3571,5,27
3631,24,32
3847,25,33
3947,4,31
4242,5,32
4312,10,32
4338,7,33
4515,5,32
4681,19,29
4689,17,33
4769,17,32
4793,29,33
4809,4,24
4973,7,30
4981,22,33
4996,14,31
243,3,26
267,20,33
293,6,31
506,5,19
778,8,33
950,6,33
1384,13,32
1411,19,29
1581,6,33
2634,14,28
3094,13,31
3189,17,32
3409,5,29
3821,11,31
4248,12,33
4411,8,33
4717,22,32
4824,9,25
4903,3,26
74,14,33
359,10,26
1334,3,23
2046,15,32
2151,2,23
3161,2,29
3182,6,29
3261,7,29
4538,5,28
4644,12,33
4777,12,33
1420,18,30
1614,12,31
2228,21,32
4025,3,32
106,12,33
4101,13,31
4801,2,31
2629,2,25
4654,15,28
203,9,33
480,6,32
517,8,29
625,19,33
1052,5,33
1076,3,31
1301,3,21
1596,14,33
1679,11,32
2115,6,28
2329,14,33
2816,16,33
2871,16,32
3062,10,30
3102,19,33
3227,8,31
3745,12,32
3994,11,33
4065,5,33
4147,9,27
4210,17,33
4213,17,33
4320,10,33
4493,8,27
4594,7,27
4920,7,30
4983,15,33
238,10,33
1009,5,22
1163,5,29
1216,4,30
2177,5,28
2342,7,33
2456,13,27
2749,9,27
2833,8,32
2853,4,32
3037,11,29
3202,4,33
3322,7,32
3384,3,32
3862,6,31
4375,20,33
4502,18,32
4670,10,31
4917,9,28
4977,10,28
306,11,33
1483,13,27
1545,2,25
1942,3,22
3517,15,33
4017,9,30
4641,5,33
4729,16,33
1036,14,33
1765,11,30
1855,5,31
4047,5,19
4271,1,16
513,4,27
55,8,32
126,15,32
159,12,33
210,3,27
211,15,33
430,4,18
557,15,31
624,2,29
763,5,25
789,4,29
917,18,33
1697,8,25
1739,6,29
1864,19,30
1924,13,33
2005,21,28
2052,12,33
2124,3,29
2189,5,21
2387,18,32
2443,16,33
2555,7,29
2612,4,31
2635,3,27
2640,4,19
2671,15,28
2799,5,33
2925,4,32
2941,5,28
2947,11,27
2998,11,33
3293,21,33
4043,6,32
4162,6,30
4285,13,32
4720,2,28
4815,10,33
4889,3,25
271,12,32
418,1,32
1929,19,32
2434,2,24
2527,10,33
2902,12,31
3076,4,21
3387,9,33
3537,10,32
3540,4,33
3617,14,32
4112,2,29
4384,5,24
4504,9,30
4750,6,30
4994,9,33
83,5,31
205,9,33
291,3,25
541,2,24
977,3,28
3766,6,33
3928,16,33
4723,9,33
2812,1,32
3411,7,33
4726,10,31
1812,17,29
3375,9,25
2587,4,21
18,4,22
32,8,32
150,10,30
185,8,32
251,10,32
379,10,32
423,8,26
638,10,30
705,9,32
824,10,29
975,5,30
1157,5,33
1173,16,32
1339,10,33
1625,11,26
2104,10,32
2163,12,32
2247,5,31
2418,6,27
2651,12,32
2681,9,32
2800,4,32
2810,6,32
3054,11,33
3412,12,32
3492,6,30
3570,5,28
3704,7,33
3818,7,33
4497,10,26
4652,5,27
4880,6,33
4991,6,31
134,12,33
838,10,30
897,5,29
1448,7,33
1836,11,22
2332,4,27
2605,5,26
2906,7,29
3137,8,33
3199,3,29
4609,11,32
4971,2,23
2331,11,30
2353,3,26
3341,7,31
4573,5,27
4626,7,32
4631,6,32
4817,9,32
4851,12,32
113,4,33
1175,3,29
2238,7,30
3320,7,33
3658,7,25
3207,4,31
986,5,24
2174,6,31
4838,1,25
40,3,28
85,3,26
457,11,31
551,12,29
706,7,33
880,7,28
887,3,24
1452,4,24
1834,8,26
1892,1,30
2154,2,30
2279,9,32
2576,3,19
2611,3,29
2768,8,26
3040,17,32
3084,10,28
3204,6,27
3382,2,17
3450,2,33
3596,3,22
3777,8,31
3813,5,29
4222,6,30
4481,4,31
4508,4,31
4552,9,30
4645,6,32
4990,8,27
525,6,31
699,9,32
874,4,32
879,9,25
1078,7,33
1081,11,31
1146,9,29
1824,1,21
2015,4,25
2235,3,26
2351,2,32
2491,6,29
2923,4,18
3157,8,23
3458,3,30
3753,11,27
4055,6,25
4155,3,23
4379,8,31
4501,9,33
4744,7,33
362,5,32
1405,5,29
1962,2,24
1965,3,32
3379,9,28
3431,5,20
4061,2,25
794,9,21
939,3,21
1087,5,31
2715,2,13
4757,7,26
1217,7,29
1186,1,7
300,6,21
323,9,31
354,14,33
518,9,33
576,13,31
691,12,31
828,9,28
914,11,33
1082,9,27
1085,2,19
1185,6,33
1231,3,28
1557,9,27
1788,10,30
1844,5,31
1953,4,28
2381,11,25
2393,12,33
2476,5,30
2553,9,33
2695,2,23
2908,12,33
3032,10,32
3061,8,33
3296,7,31
3679,9,32
3723,3,33
3832,5,29
3836,7,31
4198,14,33
4212,11,26
4313,5,32
4394,13,33
4442,4,32
4584,10,32
4949,3,32
104,10,28
202,5,24
451,10,26
568,11,27
607,14,33
702,11,32
1093,12,29
1270,11,33
1827,7,32
3001,5,25
3115,11,33
3216,4,21
3365,11,28
1359,12,27
1413,9,26
1690,7,32
1933,2,33
1988,6,29
2146,2,24
2204,8,33
3103,4,32
3381,8,27
4195,17,32
4612,8,32
4828,8,20
738,10,32
2359,9,31
3895,6,32
476,4,30
488,2,23
2480,6,32
382,10,33
770,13,33
856,3,29
894,4,29
902,8,29
1325,6,26
1343,2,20
1499,19,33
1629,4,22
2313,7,27
2337,3,33
2579,18,30
2585,6,30
2613,13,32
2709,7,27
2830,6,28
2880,14,33
3016,14,31
3186,4,33
3194,15,31
3535,12,30
3683,10,31
3691,9,33
3746,4,24
3839,8,33
3958,4,29
4031,7,25
4178,17,33
4370,4,25
4397,8,26
4418,10,32
4436,13,33
4516,6,29
109,8,29
124,12,30
355,8,33
933,13,33
1285,6,30
1430,14,33
1954,10,31
2048,5,32
2567,10,20
2571,7,30
3012,11,30
3029,6,25
3082,3,31
3083,2,15
3221,3,27
3259,7,28
3748,4,32
3846,6,22
1255,12,29
1619,11,29
2193,7,29
2350,9,33
2463,16,33
2727,8,29
2735,5,33
3308,9,31
3332,2,33
3521,6,30
4012,11,28
4684,10,27
4772,5,23
1336,4,24
1894,11,33
2053,2,19
2518,7,33
3949,7,33
4975,4,27
2458,6,30
3423,3,27
4461,3,32
3770,1,22
882,1,30
31,9,30
118,7,28
261,5,30
626,6,32
643,9,29
1111,5,32
1118,6,27
1126,9,32
1245,7,26
1431,3,18
1749,3,26
1922,13,33
1938,6,26
1985,6,31
2018,5,32
2140,13,31
2602,15,33
2604,6,27
2742,10,27
2838,14,33
2968,10,26
2988,9,29
3262,4,28
3266,6,26
3316,5,23
3673,7,29
3701,6,33
3968,10,33
4036,6,25
4073,7,31
4192,11,32
4224,13,31
4236,13,33
4279,9,33
4367,4,31
4401,3,27
4621,3,27
4836,12,33
641,9,33
944,6,31
995,10,32
1205,5,32
1681,5,33
1712,11,30
1868,7,31
2512,10,33
2751,7,26
2766,7,28
2858,2,32
2953,8,32
3056,11,29
3205,4,33
3314,9,33
3403,12,31
3954,12,33
4421,10,26
4428,9,27
123,7,31
376,6,31
985,7,31
1347,4,32
1975,2,18
2032,8,29
2246,5,27
4160,5,30
4965,3,22
452,6,33
3284,3,26
3577,3,31
3629,10,32
4316,9,32
1204,3,30
1961,6,29
4419,3,31
3921,2,18
3569,3,33
56,13,31
409,6,30
493,5,17
549,13,28
583,18,32
818,11,32
845,5,31
869,5,27
959,8,31
972,7,21
1044,17,32
1346,13,33
1859,13,28
1891,8,29
2117,3,28
2689,11,33
2885,11,33
3049,14,32
3327,12,33
3500,11,33
3959,13,32
4206,11,33
4265,8,30
4287,12,32
4376,10,32
4649,18,33
4679,10,32
4736,4,32
4787,14,32
4808,6,29
4942,11,30
766,8,30
1123,9,33
1252,13,33
1514,6,28
1803,8,33
1857,18,32
1923,14,33
2311,5,30
2380,13,24
3214,1,23
3550,12,31
3680,8,26
4078,5,32
4667,8,31
4921,15,28
938,19,33
1095,6,31
1295,10,27
1446,3,18
1631,2,19
3637,13,33
4435,11,26
4804,5,27
809,5,33
2509,12,30
2915,8,33
3728,4,32
4187,11,29
4233,8,31
171,13,30
2044,4,33
4637,7,33
489,9,33
218,8,31
383,13,33
397,12,32
642,15,33
655,8,31
746,14,33
815,12,30
1035,6,33
1278,10,33
1429,2,24
1522,14,27
1654,10,33
1656,10,33
1663,2,19
1932,11,28
2087,11,30
2091,7,29
2355,15,31
2426,7,27
2725,1,22
2747,8,32
2966,13,32
2995,6,32
3330,11,32
3609,14,29
3822,5,32
3853,5,31
4016,13,31
4132,8,31
4404,8,28
4614,6,33
4899,8,33
4905,11,28
4974,4,32
594,17,29
735,4,28
777,2,25
1202,9,33
1294,15,33
2006,3,30
2335,2,22
2596,7,32
2862,2,26
3022,9,32
3025,10,32
3145,5,33
3311,4,28
3420,3,30
3505,5,32
3855,4,32
3873,2,29
4030,9,31
4134,7,33
4469,9,31
4669,10,32
155,5,22
315,4,32
435,7,28
1476,9,27
1672,6,26
2597,9,33
2678,5,31
3173,5,33
3817,4,24
4731,17,33
4536,2,29
94,5,25
145,4,30
213,6,33
252,16,32
507,5,31
753,5,30
1242,14,29
1396,11,33
1554,16,28
1632,12,28
1820,15,32
1846,18,33
2495,18,32
2600,17,33
2748,14,33
3124,21,32
4225,7,25
4294,7,26
4380,15,33
4745,17,33
4964,9,30
86,13,33
215,7,31
399,7,26
670,16,31
732,10,32
1763,5,32
2004,4,24
2109,17,33
2539,12,30
2954,11,32
2989,10,33
3552,5,32
4121,14,26
4759,10,31
4874,17,32
69,6,32
934,17,32
1016,6,32
1164,23,33
1956,3,29
2139,22,32
4733,16,32
2328,13,29
3138,10,30
4139,3,25
1740,2,28
1578,3,24
3940,12,33
2008,16,31
93,3,33
799,8,33
943,11,32
1113,12,25
1147,17,32
1159,3,27
1980,5,26
2145,2,28
2545,9,33
2554,10,32
2599,12,24
2951,11,33
3060,14,30
3210,9,30
3247,4,28
3519,10,33
3820,11,33
4088,6,33
4257,4,15
4459,10,31
4749,3,32
4800,4,31
4883,4,32
4940,7,27
909,8,24
1084,7,33
1178,1,21
1247,3,25
1328,3,28
1716,9,29
1808,2,27
1948,3,13
2063,4,26
2064,11,32
2317,11,32
2326,13,30
2360,5,32
2465,12,28
3112,6,32
3135,9,24
3196,13,33
3890,3,23
3902,2,29
3969,12,33
4362,5,32
4540,12,33
4760,5,33
4972,3,20
1192,3,28
1443,6,30
1879,3,31
3209,3,21
4643,3,31
1233,1,22
2019,7,33
3980,5,33
4159,11,33
580,1,24
1986,3,25
3087,7,32
3600,5,33
297,4,29
76,5,33
229,7,32
407,10,25
725,4,25
742,13,32
796,8,31
817,4,26
981,11,32
1064,2,24
1254,10,29
1539,10,31
1790,5,33
1830,5,27
1957,7,26
2039,13,33
2557,9,26
2910,12,33
2985,9,33
2990,4,24
3047,11,33
3212,13,31
3352,4,27
3367,1,33
3573,6,33
3749,2,13
3774,7,30
3866,5,30
3885,12,30
4040,15,31
4154,7,33
4168,4,31
4220,12,32
4426,6,32
4878,11,28
247,5,28
812,11,29
1100,4,27
1395,4,17
1466,7,32
1688,6,20
1978,11,31
2169,6,13
2498,4,27
2594,9,32
2876,10,24
3305,6,32
3392,8,33
3771,6,31
636,4,30
662,3,25
982,7,32
1341,2,21
4490,7,30
4611,8,32
717,2,9
2166,6,24
2795,2,20
3404,7,30
3495,2,31
3538,4,26
1176,2,15
4890,7,32
595,13,32
618,7,31
646,10,31
891,2,30
1051,4,33
1116,8,32
1253,14,32
1494,19,30
1555,14,31
1567,9,27
1586,2,22
1747,17,33
1881,6,19
1994,5,33
2745,3,33
2752,12,30
2981,13,32
3443,4,26
3639,10,32
3692,5,27
4303,14,28
4485,19,33
4688,8,33
4962,4,28
922,14,33
1274,4,13
1471,19,33
2367,14,32
2370,7,29
2407,11,28
2552,18,30
3417,15,31
3510,10,33
3880,9,32
179,7,33
667,9,26
1920,2,22
2993,5,19
3131,10,33
3326,2,22
545,1,10
1228,8,31
1256,8,29
2808,10,24
4407,1,18
4489,13,31
3858,13,33
189,3,21
217,6,33
263,10,30
277,6,31
538,18,27
569,12,29
657,9,27
791,2,22
884,8,24
899,12,29
927,6,31
1056,5,31
1106,11,29
1172,9,22
1208,16,30
1509,7,21
1550,2,17
1737,6,33
1738,12,27
1741,11,32
1845,8,26
1870,19,33
1896,12,33
1982,4,30
2041,8,33
2131,23,33
2187,6,26
2223,8,31
2237,11,31
2682,8,20
2769,11,33
2823,15,29
2978,14,33
3434,13,33
3522,10,32
3578,17,32
3608,15,29
3727,13,33
3794,12,30
3834,4,26
3960,7,19
3975,21,32
4007,12,32
4023,8,28
4026,16,33
4079,10,30
4173,9,23
4293,11,31
4413,10,28
4434,8,33
4477,17,31
4806,6,33
4855,5,21
168,7,33
272,9,30
279,8,31
469,4,33
1169,16,33
1531,6,31
1661,7,31
1947,4,28
2889,5,30
3013,6,33
3165,4,29
3273,14,32
3364,13,33
3380,10,31
3512,13,33
3815,5,30
4120,7,19
4900,9,30
92,3,26
644,11,29
837,6,21
1832,11,32
2754,12,30
2801,14,33
4491,17,33
4628,7,29
3758,5,26
4914,9,32
2027,6,32
2382,11,32
3128,4,31
3139,3,30
4361,9,30
105,3,31
170,18,31
345,12,30
404,10,27
1021,12,32
1160,5,27
1486,11,29
1745,8,28
1816,10,33
1849,14,31
1852,19,33
1884,3,27
2136,11,33
2384,9,27
2496,21,33
2546,15,31
2586,6,30
2783,8,32
3070,7,26
3105,16,32
3154,19,33
3313,10,30
3333,6,32
3491,5,23
3790,4,27
3915,13,31
4156,4,33
4214,13,28
4424,18,33
4604,6,33
4741,10,33
4866,12,27
125,10,32
127,8,30
335,9,33
497,6,31
614,18,33
1916,13,32
1950,13,33
2034,6,29
2072,20,33
2497,12,32
3236,4,32
3581,6,30
3826,7,30
4185,13,33
4240,13,30
4268,7,19
4553,15,33
4770,18,32
639,8,33
1251,7,27
2730,20,32
3356,11,27
3440,10,30
4443,13,33
4675,8,31
694,7,33
1017,10,32
1638,7,26
3348,18,31
3803,12,28
250,14,33
546,12,31
2069,10,33
41,3,29
324,10,33
455,18,33
544,7,28
689,11,33
800,8,31
926,10,33
1137,9,32
1145,14,31
1642,15,32
1757,13,33
2130,9,32
2176,2,14
2192,6,30
2273,14,31
2289,20,27
2346,10,31
2538,12,32
2622,14,31
2883,7,30
3044,8,30
3096,11,29
3280,10,28
3347,9,33
3616,9,29
3628,15,31
3712,18,33
3829,5,33
3879,8,31
3946,16,27
4118,13,32
4161,11,32
4249,5,32
4718,8,33
4724,19,33
121,6,32
191,6,30
523,12,31
782,6,28
843,6,32
958,9,27
1134,3,30
1551,11,33
1710,7,26
2075,11,33
2113,11,31
2849,5,33
3099,12,32
3166,14,31
3178,12,32
3328,3,33
3340,6,20
3908,9,33
4391,16,32
4402,4,30
4566,8,33
4701,5,28
5,10,33
90,9,28
253,11,32
745,13,33
785,10,33
1770,4,27
2073,3,29
2158,5,27
3618,5,31
4137,11,32
4737,4,33
4762,3,27
4919,12,33
1005,3,28
4029,3,21
3767,6,30
80,6,31
186,13,33
446,17,33
596,9,31
622,11,32
749,16,30
844,13,30
906,10,32
1037,11,30
1300,6,33
1388,12,33
1487,4,26
1659,21,33
2221,17,33
2258,5,28
2431,12,32
2811,5,27
2846,20,33
2976,12,28
3518,19,33
3567,9,32
3587,10,27
3619,15,33
3809,14,31
3931,12,32
4003,11,25
4241,8,30
4406,23,31
4506,16,31
4602,18,29
4608,4,31
4773,13,29
4779,11,31
4812,14,27
71,5,32
294,17,33
377,11,30
509,10,32
872,10,32
875,3,31
924,15,33
1340,11,33
1715,14,33
1814,13,28
2030,5,27
2092,14,33
2186,8,31
2663,11,32
2963,11,28
3015,12,31
3148,6,28
3344,12,33
3360,11,31
3464,21,27
3833,13,32
4196,12,32
4229,11,33
4290,6,31
4474,15,32
4661,3,33
4825,6,32
563,12,33
715,12,32
886,22,33
1542,5,26
2662,6,32
2746,14,33
3281,5,32
2416,2,26
3113,3,32
3346,15,33
4523,3,30
1530,12,30
4615,14,32
87,10,24
107,9,24
309,10,31
474,16,32
481,11,30
600,5,30
650,9,32
677,4,33
714,4,31
719,8,31
721,6,33
793,3,33
896,6,31
940,13,29
1046,16,33
1047,11,32
1074,10,32
1149,6,29
1292,14,32
2054,12,31
2242,9,33
2641,14,28
2677,17,33
2851,16,32
2979,12,33
3043,14,32
3395,10,33
3410,7,30
3461,11,28
3788,9,32
4286,7,33
4322,6,23
4565,9,26
4610,8,31
4693,12,32
4863,3,17
360,24,33
459,3,26
496,23,32
895,8,19
1402,3,28
1449,12,31
1718,7,29
2208,12,33
2803,16,33
2841,19,33
3534,8,32
3606,5,32
3645,13,29
3709,2,24
4472,13,33
45,4,22
265,5,26
313,3,26
408,7,23
1540,8,29
2074,4,20
2098,14,33
2659,19,32
3718,3,30
421,14,32
1594,9,30
3002,7,24
3419,12,33
3731,5,31
3802,3,26
4697,5,32
1926,3,25
3069,2,31
3720,5,27
4246,1,21
98,7,31
183,12,32
225,6,29
592,14,33
603,6,22
833,18,30
1138,15,33
1284,14,32
1585,12,32
1649,17,30
1706,14,30
1742,8,32
1817,8,32
1862,14,32
1935,15,33
2399,4,31
2540,4,30
2927,7,32
3009,20,32
3027,8,27
3160,14,31
4096,15,31
4533,10,23
4588,11,30
4620,10,30
4758,6,21
4870,2,32
348,7,29
555,1,19
953,14,33
1327,10,31
1383,15,31
1809,5,23
2179,18,33
2232,6,31
2262,10,30
2375,7,32
3302,7,27
3394,9,31
3597,7,31
3896,5,33
3979,15,31
4529,5,32
1023,9,24
1059,18,28
1109,8,28
1598,6,33
1667,8,30
1813,4,27
1833,4,32
1936,9,26
2562,13,31
3028,5,26
3867,4,28
4373,3,32
4664,11,21
4674,8,32
609,7,29
889,3,33
1593,4,23
3426,3,29
3575,10,31
4876,8,29
1559,8,30
4420,7,23
3079,12,31
881,8,27
3329,6,32
4665,6,33
3224,7,27
138,4,32
276,6,31
389,14,27
434,11,28
449,8,33
453,12,32
460,14,31
466,7,27
1299,14,30
1434,19,33
1556,7,33
1731,14,32
1940,9,31
2181,9,27
2218,6,30
2457,13,25
2911,3,22
3141,3,32
3366,10,33
3589,5,30
3754,5,32
3816,19,33
3988,16,33
4057,8,33
4082,9,32
4190,13,31
4276,7,30
4455,6,33
4576,16,33
4617,9,32
4640,10,30
4680,9,20
4699,12,33
4805,15,30
4939,2,33
122,20,32
140,9,33
206,3,30
479,6,33
562,11,31
664,7,31
979,10,32
1004,10,28
1153,5,31
1250,12,30
1372,8,31
1489,20,32
1928,10,33
3301,8,31
3487,14,33
3601,8,22
3914,19,32
4054,14,33
4086,19,32
4208,14,29
4272,13,32
4336,7,30
4960,9,33
1148,9,31
1730,4,17
2198,9,33
3757,10,33
4884,12,29
1807,15,32
3912,2,31
4818,7,32
73,7,33
158,6,28
289,9,27
316,11,32
387,7,26
786,2,23
1181,9,31
1195,3,26
2103,6,28
2135,8,25
2255,11,32
2453,9,33
2503,4,28
2591,5,23
3058,2,29
3119,4,33
3278,4,27
3400,12,30
3845,5,30
3990,6,29
4174,9,31
4184,8,28
4237,6,33
4261,10,26
4314,11,32
4539,3,22
4544,12,33
4562,13,33
4599,9,33
4834,8,27
246,9,33
264,7,32
515,7,29
1092,7,31
1096,5,18
2417,2,30
2525,3,29
2680,8,33
2859,5,30
3118,5,31
3529,7,30
4486,11,32
4503,5,31
1291,8,24
1375,3,30
1427,4,32
1717,11,26
2213,4,32
2432,8,28
823,4,33
4492,10,28
1442,6,33
2932,3,30
3140,2,32
2692,1,25
37,9,27
187,6,29
616,9,27
1317,7,33
1491,11,33
1646,8,32
1815,16,33
1914,6,15
2059,6,33
2137,11,31
2236,13,29
2259,9,29
2309,8,32
2450,10,26
2508,15,30
2543,13,29
2589,11,29
2716,4,30
2753,9,28
3042,16,33
3192,16,27
3336,13,33
3635,13,29
3687,18,24
3781,7,28
3787,14,32
3973,8,31
3984,8,33
4035,20,30
4081,6,28
4507,6,31
4788,14,32
4869,12,31
4948,12,33
181,8,27
630,11,32
1297,4,26
1543,7,19
1743,12,30
1973,3,33
2551,12,30
4074,7,23
4148,8,32
4299,6,31
4349,15,33
4642,6,29
4650,6,29
95,11,25
307,7,26
314,23,32
1045,14,32
3244,9,25
633,13,33
1008,12,32
1350,2,31
1708,7,32
2645,9,30
2969,8,30
3841,2,20
3011,10,32
58,10,32
63,9,29
172,3,29
188,11,30
438,13,32
760,5,21
873,4,31
1105,7,33
1191,11,32
1275,4,29
1315,8,30
1504,7,33
1513,3,29
1523,9,28
1592,5,18
1608,9,33
1643,3,30
1662,5,26
1799,6,26
1976,15,30
1979,4,23
2224,8,33
2368,7,29
2385,10,27
2415,7,31
2534,8,23
3286,7,33
3623,5,23
3677,10,32
3751,4,29
3799,10,31
3883,9,33
3972,7,31
4098,6,33
4238,5,33
4280,16,32
4740,3,28
29,7,27
77,8,31
442,8,26
804,5,32
846,8,31
1239,12,30
1837,5,30
2081,6,27
2372,6,27
2807,9,26
2875,7,33
2939,4,23
3151,5,29
3282,4,32
3641,5,32
3796,4,30
4172,9,31
4296,4,32
4332,4,30
4445,3,33
4488,6,33
380,4,23
839,9,33
877,10,25
1519,7,30
1968,6,22
2547,10,32
3716,3,19
3747,6,32
4327,5,27
4333,7,32
4415,13,28
463,4,31
3944,3,31
3436,5,33
3860,3,29
4143,5,30
2607,4,31
167,7,33
347,9,32
712,16,28
1058,3,31
1108,8,20
1226,7,32
1366,9,30
1704,10,30
1902,11,32
2322,18,33
2420,16,33
2578,10,32
2658,9,31
3181,10,33
3363,4,22
3470,3,30
3483,5,29
3515,8,31
4109,5,32
4239,4,30
4277,9,31
4374,6,24
4678,10,32
4780,13,32
4792,4,32
4799,11,32
4867,12,25
4871,8,20
4969,12,31
4998,11,26
439,4,32
501,3,30
634,4,32
722,9,32
1011,3,13
2691,10,33
2779,4,29
2873,5,26
3760,12,31
3943,10,27
4458,11,32
4666,12,30
11,8,32
1963,6,30
3893,17,30
3909,4,24
3935,7,32
4002,7,32
462,7,28
3215,4,29
4166,6,33
740,3,33
1227,6,31
581,3,25
3234,3,10
4463,5,31
1575,6,30
84,11,32
154,5,33
716,3,33
727,13,33
1235,7,25
1454,5,29
1500,2,30
1577,5,32
1861,7,30
2057,7,26
2229,3,27
2288,10,24
2413,5,33
2430,5,32
3614,7,27
3622,2,32
3670,3,29
3671,1,26
3741,4,33
3876,1,31
3986,6,25
4059,5,31
4090,7,32
4247,8,24
4410,7,32
4555,13,29
4633,4,33
4752,7,32
370,8,33
956,3,26
1353,3,32
1488,2,32
1850,4,29
2619,4,33
2633,8,28
2711,8,32
3287,5,32
3730,9,33
3840,4,20
4042,8,30
4235,7,32
4441,5,33
4814,8,27
173,7,28
425,10,32
565,12,29
769,2,31
1458,6,27
2070,1,27
2260,1,31
2436,5,28
2931,4,30
3466,7,30
3657,4,29
3955,7,32
4067,6,30
4709,5,21
2967,8,27
4207,9,32
1901,6,27
4056,7,27
4221,2,32
62,8,28
178,5,25
196,7,29
386,15,33
427,4,32
495,6,32
520,5,18
683,11,27
801,18,29
1014,11,32
1030,3,32
1403,4,33
1475,4,23
1529,6,33
1633,8,31
1774,15,33
2000,6,32
2043,10,32
2323,9,28
2454,8,31
2529,5,29
2926,13,32
3052,7,31
3334,9,30
3376,4,30
3795,2,32
4038,6,32
4125,4,30
4456,13,26
4462,11,32
4483,21,30
4549,2,30
4686,15,31
4761,5,31
295,11,30
492,9,27
854,7,32
1951,16,32
2603,5,33
2654,11,31
2761,12,33
3371,3,32
3705,4,24
4133,5,23
331,16,32
1394,11,33
1829,10,32
2327,11,32
3553,9,33
4256,18,30
4353,11,30
2155,5,27
731,2,13
1866,1,29
4131,4,21
26,2,16
82,19,32
274,15,30
558,10,33
755,12,30
776,3,33
907,13,33
1392,11,30
1441,19,33
1810,5,27
2160,5,27
2226,16,32
2344,10,32
2365,5,33
2374,18,33
2481,3,33
2506,8,29
2568,2,26
2667,4,28
3057,10,31
3775,19,33
3819,10,32
4381,7,30
4385,17,32
4399,22,33
4646,16,33
4888,12,33
4928,17,32
464,13,29
848,16,28
936,11,33
1107,9,31
1162,7,32
1211,7,26
1362,6,31
1456,5,19
1473,8,28
2409,5,33
2532,5,33
3176,4,26
3185,2,19
3566,17,33
4368,12,33
4550,3,21
4789,8,26
4798,2,29
477,8,33
605,5,27
1144,7,29
2321,2,20
3067,9,33
4574,8,33
1875,2,22
2120,15,33
2930,7,29
3297,6,33
4597,7,32
1229,8,31
3020,12,31
4848,8,33
19,6,21
305,4,30
673,10,30
773,8,33
911,9,30
921,11,31
980,4,26
1057,5,24
1128,4,33
1215,2,19
1240,9,33
1387,5,33
1490,3,32
1515,4,31
1623,7,21
1691,11,33
2175,5,33
2249,8,33
2519,11,30
2541,5,29
2686,4,30
2834,7,21
2997,5,23
3253,3,31
3463,3,17
3851,10,31
4135,9,28
4281,4,27
4577,6,32
4601,3,30
4751,5,21
4837,10,33
50,6,33
500,7,23
908,3,31
1358,2,25
1414,6,33
1537,4,30
1568,9,29
1756,4,26
2341,6,30
2468,9,32
2948,10,17
3046,8,33
4119,12,30
4331,2,23
4355,8,32
4471,2,22
4478,5,33
4698,7,33
4879,7,31
665,7,33
692,4,21
997,4,26
1068,2,10
1784,4,29
2791,1,4
3416,5,30
3422,4,33
3542,3,18
3624,8,27
1703,8,30
1755,7,32
2358,4,32
4438,6,26
419,5,31
1825,6,27
112,16,33
850,17,27
862,11,32
888,11,33
960,4,33
966,17,31
967,11,31
1012,13,32
1094,8,26
1669,5,25
1707,14,33
1766,13,33
1906,6,25
1987,19,29
2102,4,25
2276,10,30
2466,10,31
2675,7,33
2722,7,29
2741,6,30
2780,8,30
2781,18,33
2796,13,32
2820,15,31
2899,14,32
2904,18,33
3125,7,31
3257,15,27
3432,3,27
3742,3,24
3791,5,31
4089,13,32
4339,7,27
4403,5,30
4427,8,32
4470,13,32
4707,6,33
139,7,33
674,3,30
861,3,31
1389,7,32
1702,12,31
1887,10,33
1900,13,30
1911,5,33
2429,10,33
2564,9,33
2643,7,30
2718,12,28
2836,5,22
2897,7,32
3004,4,32
3350,9,26
3468,11,33
4352,9,27
4357,9,33
4575,11,31
4826,8,27
1077,10,28
2107,5,22
2301,3,27
2500,13,28
3615,15,30
3678,12,29
3869,9,33
1034,9,31
1754,5,29
3437,9,28
23,17,33
327,3,31
831,13,33
968,13,33
1244,15,33
1368,5,32
1404,21,32
1621,16,32
1675,17,31
1698,13,33
1744,14,32
1898,17,33
1927,5,32
2065,12,33
2330,19,30
2845,14,33
3008,12,33
3055,20,30
3071,12,33
3133,6,32
3288,11,29
3306,13,33
3369,13,33
3690,7,33
3889,6,33
4028,4,32
4039,6,29
4048,8,33
4144,5,33
4251,7,32
4395,6,33
4405,6,32
4561,18,33
4580,9,26
4694,7,32
4727,5,32
4763,7,25
4786,6,31
410,15,33
606,10,31
923,18,27
1053,6,29
1197,7,31
1534,3,31
1786,9,30
2241,16,27
2400,9,33
3612,8,28
3824,14,33
3981,10,29
3997,10,29
61,15,32
617,11,33
840,4,26
1262,7,27
3021,5,32
3638,8,33
3805,4,32
4245,8,32
4283,8,33
4447,4,33
682,19,32
2126,9,29
2870,2,29
3271,15,32
2028,10,32
3150,11,33
115,9,31
132,2,30
169,7,32
236,9,32
461,6,24
482,15,32
1182,8,31
1463,14,32
1713,7,29
1772,9,32
1818,9,33
2088,4,23
2275,8,32
2345,8,26
2487,8,31
2523,14,33
2737,12,32
2912,6,32
2977,15,30
3361,13,32
3401,9,29
3584,1,6
4060,5,29
4186,13,29
4755,8,31
4832,6,26
4877,2,9
4918,7,21
33,8,28
290,7,32
390,8,30
589,13,33
700,1,27
741,3,31
971,5,33
1280,5,28
1377,4,26
1460,5,29
1609,10,33
1699,14,33
1828,4,33
1895,17,32
2632,2,30
3509,5,27
3594,1,9
4226,5,29
4275,4,25
4468,9,32
4475,23,30
4480,16,33
116,1,31
282,4,31
485,9,28
1261,5,32
1651,11,32
2528,6,31
3250,7,18
3183,6,32
1198,6,33
146,15,33
199,12,31
322,18,30
502,12,32
575,11,24
832,14,33
1086,3,26
1102,5,32
1133,14,30
1276,16,33
1472,8,33
1498,13,32
1701,8,32
1725,18,33
1848,20,29
1872,10,33
1991,8,31
2281,12,33
2302,8,27
2479,9,32
2511,18,26
2583,10,33
3024,16,31
3066,9,33
3399,6,31
3977,7,29
4080,6,33
4201,8,31
4453,14,29
4514,5,30
4822,4,20
4906,8,29
4984,5,26
114,13,33
262,6,31
373,7,25
433,11,32
1025,2,30
1314,17,33
1400,13,28
2950,3,27
3169,17,32
3453,2,29
3558,11,33
3755,3,31
4323,10,28
4835,17,32
177,13,33
1479,6,30
2125,8,26
2642,5,24
2817,18,32
3695,23,33
4058,14,29
918,18,31
2524,5,25
2652,6,26
680,13,33
244,18,33
256,8,31
613,3,29
819,6,30
1155,4,21
1520,2,20
1561,8,31
2061,4,32
2138,10,32
2318,8,33
2348,16,33
2363,2,28
2445,15,29
2614,10,30
2628,4,32
2721,4,31
2758,12,32
2824,12,33
3073,11,25
3260,6,27
3321,9,24
3393,3,20
3632,10,32
4010,3,14
4199,4,22
4311,7,32
4725,5,32
4910,14,33
4947,13,33
4989,19,33
317,16,28
402,12,32
1259,4,33
1268,6,33
2251,8,28
2610,7,27
2898,17,29
2956,7,32
3111,9,31
4005,8,30
4193,4,23
4572,3,28
4956,3,27
4980,3,17
4985,8,33
201,2,13
2020,8,33
2084,2,20
2666,19,31
2702,13,32
3974,15,32
498,6,24
1727,11,33
3480,4,30
4180,10,29
983,11,32
2216,12,32
49,5,30
129,8,31
378,9,33
429,3,19
487,6,26
660,3,33
678,5,26
752,13,27
802,7,30
866,14,33
1184,10,32
1283,5,30
1493,7,28
1841,9,33
2141,9,31
2306,7,26
2340,10,33
2687,10,33
2740,10,33
2797,11,32
2829,3,32
2901,7,32
2964,10,33
3114,9,29
3245,5,30
3248,5,32
3258,7,31
3560,4,29
4018,8,23
4115,8,28
4585,6,31
4754,7,32
4868,3,30
4922,6,32
36,4,21
620,5,31
976,8,32
1171,8,33
1313,5,30
1337,8,31
1381,4,27
1417,8,33
1511,6,32
2832,7,27
3717,12,28
3934,3,33
3961,2,26
4183,7,32
4324,8,27
4495,9,32
4683,5,33
4776,5,28
4827,2,31
4854,12,30
388,4,28
1958,6,31
2624,8,20
4000,13,30
4393,6,33
4865,9,32
912,1,27
1439,6,33
2942,3,33
3672,2,27
4548,3,32
160,7,30
3230,5,27
3930,5,19
3982,3,28
152,9,33
156,15,29
604,6,31
648,8,29
653,14,31
668,7,33
695,3,20
720,10,32
756,6,31
814,5,17
991,10,28
1307,4,31
1335,12,32
1461,12,33
1546,8,32
1685,4,28
1797,5,26
2142,11,30
2253,11,33
2493,5,29
2558,6,31
2582,11,30
2646,7,22
2717,8,32
2774,6,32
2872,9,32
2965,8,31
3239,9,27
3279,10,33
3338,7,19
3377,7,33
3425,7,18
3482,4,31
3591,10,32
3602,7,32
3756,9,30
3835,14,32
3887,6,33
3937,9,27
4034,11,32
4093,14,32
4511,20,32
4846,16,33
221,13,33
311,7,29
351,6,23
503,9,32
758,11,28
2206,7,18
2701,7,30
3107,8,27
3238,11,30
3408,8,32
3651,10,33
3888,11,31
3919,4,33
298,12,33
1010,6,29
1874,14,31
2704,10,30
3283,11,26
3372,13,33
3544,9,31
4556,6,29
1127,12,30
4050,3,19
1658,12,28
4875,5,22
2631,1,24
4950,5,32
4992,11,32
52,4,30
67,2,25
78,3,13
193,4,29
239,7,32
647,17,29
703,6,29
711,11,31
808,14,31
1158,5,27
1264,9,28
1273,9,27
1505,14,33
1541,15,33
1560,14,28
1668,9,31
1709,10,32
1981,11,32
2290,5,32
2376,6,25
2484,16,32
2516,14,31
2638,18,30
2773,19,32
2877,8,18
2938,19,33
3080,10,31
3674,9,22
3877,10,31
3948,7,27
4335,9,31
4563,16,33
4987,8,31
296,6,33
336,7,28
472,14,31
572,9,28
663,14,29
718,5,28
1318,7,31
1440,18,29
1734,12,32
2293,9,33
2319,8,29
3023,9,30
3201,6,28
3780,8,26
3830,12,32
4171,11,32
4227,4,33
4250,17,31
4532,6,32
4844,15,32
54,7,29
1006,4,24
1582,6,31
2510,4,32
2777,3,29
3045,9,32
3149,5,19
3604,12,27
3957,3,19
4359,6,30
1410,11,31
4547,4,24
4712,8,30
1308,11,30
1344,3,19
2152,1,11
13,7,31
70,7,31
249,13,30
795,7,32
876,17,33
1424,19,32
1683,6,32
1684,10,32
1854,9,29
1969,5,29
2118,11,32
2268,9,33
2403,21,30
2684,8,31
2707,14,31
2712,20,33
2882,2,28
2890,5,28
2999,7,28
3063,18,33
3065,11,32
3098,7,30
3134,15,30
3263,14,32
3345,27,33
3800,16,32
3875,13,33
3917,13,32
4092,6,28
4535,15,25
4605,11,31
4859,5,32
707,12,30
941,15,30
957,18,30
1189,15,33
2297,3,20
2427,12,32
3661,9,32
4127,10,32
4150,5,29
4284,5,21
4662,15,33
4783,10,33
4924,8,29
505,4,28
2305,11,33
2928,1,6
3121,10,30
3713,9,32
3783,3,24
3945,6,33
4130,4,33
4451,8,33
710,9,32
2794,9,33
3225,5,30
3342,4,29
3378,2,26
4449,3,24
1904,3,33
4390,2,33
395,7,29
588,6,29
915,5,29
1083,5,30
1090,20,32
1122,5,33
1309,5,28
1320,1,24
1379,3,28
1527,13,33
1569,6,32
1622,18,28
1746,8,31
2062,12,32
2194,2,33
2269,8,31
2949,4,25
2991,13,33
3036,12,31
3072,10,33
3309,7,30
3735,2,31
3838,10,33
3871,15,29
4102,2,33
4197,12,30
4603,2,21
4746,10,33
4932,5,25
310,6,32
901,3,28
1206,3,26
1423,2,25
2112,12,30
2123,3,30
2521,5,31
2700,3,32
2907,11,30
3211,3,28
3452,2,31
3665,9,33
4305,4,27
4534,4,31
14,8,27
68,1,3
2315,11,30
3448,18,33
3676,8,33
4111,3,33
1214,4,30
2756,3,27
4097,6,24
4860,10,32
4739,11,30
3563,12,31
4912,3,26
226,10,33
255,16,33
257,6,30
341,7,31
381,5,33
396,5,29
521,13,33
733,1,30
736,19,29
898,13,33
948,14,25
963,13,29
1024,15,32
1080,7,31
1363,6,27
1371,8,33
1373,18,33
1686,11,30
1759,10,30
2023,16,26
2096,9,33
2129,11,33
2172,6,31
2196,9,31
2277,3,30
2333,2,23
2412,9,25
2449,13,32
2464,13,33
2572,10,33
2744,17,30
3228,12,32
3398,7,31
3471,9,32
3530,8,29
3647,11,29
3711,7,30
3898,15,33
4124,13,28
4217,7,29
4358,7,33
4466,11,28
4634,11,33
4647,7,27
216,4,26
288,8,32
540,9,33
582,11,29
675,7,28
797,18,30
1097,12,29
1525,8,33
1826,9,31
1890,5,31
2670,4,20
2864,18,31
2895,9,33
3129,8,33
3565,8,27
4062,13,30
701,10,30
1627,13,28
1819,5,32
2078,8,31
2278,12,29
2324,4,30
2688,5,28
2852,10,19
2971,13,31
468,8,23
542,1,21
775,10,31
3976,6,29
224,9,33
344,6,32
535,8,30
615,14,32
645,7,33
890,15,28
999,6,25
1001,7,33
1027,10,32
1066,15,33
1220,18,32
1277,6,29
1508,5,31
1652,14,33
1775,13,29
1794,8,31
1801,5,30
1873,8,33
2077,4,29
2171,6,24
2435,12,31
2644,4,24
2710,10,31
2802,9,33
3312,4,24
3494,17,33
3502,13,31
3668,16,32
3844,5,32
3998,7,29
4024,23,33
4044,11,32
4076,5,31
4343,11,33
4345,10,25
4522,6,29
4606,9,33
4774,4,28
375,12,33
484,19,31
930,6,26
1312,8,31
1355,6,30
1992,11,33
2190,10,24
2308,2,19
2606,6,33
3246,6,33
3743,10,32
3849,10,30
3863,17,32
3989,5,31
4297,7,33
4307,7,33
4372,9,29
4476,4,33
4952,13,32
60,4,21
556,3,28
724,7,31
734,8,32
954,12,31
1054,5,30
1166,10,31
2485,13,33
2520,12,26
2886,3,33
3010,7,28
4128,17,27
949,6,31
4986,8,32
2408,5,29
3685,4,32
4412,8,32
3598,6,28
4673,3,32
3091,4,30
275,17,31
552,20,33
937,3,33
1018,8,33
1141,13,28
1249,17,29
1354,10,32
1919,14,32
1989,10,31
2550,11,31
2595,8,26
2696,10,32
2874,13,32
2909,12,31
2946,7,24
3117,10,27
3156,18,31
3285,10,32
3435,3,29
3551,22,30
3564,12,33
3827,17,33
3964,9,29
4169,14,27
4700,4,32
10,7,31
120,5,18
1246,18,29
1287,10,31
1393,11,29
1408,2,24
1425,13,33
1587,16,32
1640,9,28
2566,10,33
2835,3,16
2937,3,24
2980,6,21
3188,17,31
3488,12,30
3526,5,32
3527,11,27
3738,4,32
3995,8,29
4066,5,29
4586,5,32
4635,9,33
4766,10,28
15,8,32
527,3,31
1104,15,27
2371,8,33
2469,12,31
3572,7,31
392,8,28
842,8,30
2483,11,31
4841,10,32
1944,8,32
2983,7,28
2,7,31
318,9,32
321,19,29
993,11,33
1232,13,30
1385,6,32
1455,7,28
1595,7,33
1639,12,33
1644,8,32
1910,5,21
1945,16,33
1966,10,32
2007,9,29
2147,7,30
2161,15,31
2392,17,33
2475,11,33
2490,7,23
2960,3,32
3095,13,32
3127,3,31
3184,7,33
3357,16,33
3652,9,32
3905,15,30
4122,5,30
4231,8,29
4270,14,32
4386,7,33
4422,8,29
4618,15,33
4771,15,32
204,14,33
372,4,19
441,11,26
577,8,28
987,13,33
2157,12,30
2625,13,33
2855,20,33
3179,5,27
3660,2,29
3924,7,32
3939,11,32
4001,19,33
4072,19,32
4378,15,31
4710,12,33
4796,5,32
4923,13,33
1422,9,33
1680,15,33
1831,11,29
1851,3,25
2421,4,32
2448,15,31
2732,8,32
4252,11,32
4531,3,33
8,11,28
649,12,31
764,12,28
2076,16,31
3696,6,33
4810,7,26
4862,15,32
2212,4,22
2905,12,33
1558,5,23
4554,10,31
79,5,30
136,7,32
163,3,32
174,5,33
352,3,27
431,7,28
550,5,30
559,17,31
635,3,32
772,8,32
1031,21,32
1165,7,33
1183,7,32
1238,10,33
1279,11,32
1445,5,30
1521,14,32
1528,4,25
1964,17,32
2108,8,30
2110,8,29
2270,13,31
2444,4,33
2705,4,29
2765,10,32
3218,3,27
3323,10,32
3545,8,29
3740,4,31
4113,11,29
4152,17,31
4191,13,31
4571,7,31
4748,3,33
4840,13,29
200,3,33
260,4,31
547,7,31
1067,9,27
1168,8,30
1495,4,28
1591,3,26
2664,5,32
3093,2,30
3190,7,27
3444,5,25
3752,15,28
3965,8,31
4494,4,30
4589,1,19
4864,8,27
51,13,32
1039,15,33
1225,14,30
1796,4,33
2987,2,30
3506,7,32
3707,10,33
4568,5,25
504,13,32
2556,7,29
4570,5,26
22,15,31
450,14,32
762,5,30
893,11,33
973,9,33
1266,9,32
1426,22,33
1603,5,28
1611,13,33
1821,7,27
2488,18,33
2501,17,32
2653,6,30
2672,8,33
2697,13,33
3255,17,33
3507,13,33
3733,8,23
3779,10,31
3812,10,30
3864,18,30
3992,7,30
4363,8,33
4467,9,32
4587,5,28
4656,11,30
4742,16,32
4830,11,32
4849,10,33
148,21,33
151,4,20
1142,13,30
1219,15,33
1223,10,32
1626,5,31
1750,7,33
1903,4,32
2090,8,31
2119,6,33
2433,7,29
2656,7,30
2793,5,33
2916,5,33
3220,15,28
3324,8,33
3370,6,29
3490,3,27
3642,14,32
4321,5,27
4820,15,32
4850,10,32
4881,18,28
42,3,33
130,8,31
1013,7,28
1043,4,30
1091,10,26
1156,14,31
1853,17,29
2134,14,33
2693,13,26
3251,6,32
3710,10,31
536,6,31
1180,1,25
1606,2,29
1943,8,26
3389,13,32
4165,10,33
4743,7,30
64,8,33
7,11,32
494,4,31
561,8,18
779,11,32
1073,14,30
1161,10,33
1241,9,33
1635,13,31
2014,9,31
2082,6,33
2203,4,27
2531,4,32
2549,11,32
2698,11,33
2866,12,32
2867,5,32
2935,13,33
2955,9,32
3088,4,29
3109,2,24
3317,11,30
3374,6,29
3485,19,33
3625,22,31
3729,7,33
4013,9,30
4200,12,33
4819,12,33
34,5,32
242,4,18
483,15,31
1677,11,33
1869,10,30
2254,12,30
2627,9,30
2896,4,33
3938,2,23
4176,14,33
4337,22,32
4811,6,20
4842,4,21
1601,6,29
2219,10,31
2736,5,30
3337,7,30
3610,11,25
3646,14,31
3699,4,26
3850,4,30
4995,6,33
1453,11,29
2804,11,29
2878,10,32
2404,10,30
3744,10,33
4764,3,24
2536,2,29
157,9,33
339,6,29
417,5,32
508,15,33
598,3,32
652,18,33
681,3,29
696,20,32
932,15,32
1132,8,20
1398,2,30
1634,17,32
1767,12,30
1899,6,18
2095,4,24
2240,8,27
2271,11,32
2442,16,30
2649,22,33
2724,15,33
2789,9,31
3081,17,29
3438,14,33
3605,5,29
3694,12,30
3773,5,30
3785,5,31
3920,3,27
3999,8,24
4046,4,30
4179,5,30
4513,10,33
4527,11,29
4559,7,29
4856,13,32
4951,11,30
16,1,29
301,12,31
1114,10,29
1548,10,33
1889,10,33
2042,10,32
2100,2,23
3700,4,28
3759,12,30
3882,10,32
3962,5,26
4334,8,33
574,18,33
1480,5,26
1736,9,31
2144,16,32
2396,1,22
2461,6,33
2504,5,24
3473,5,32
3574,13,32
3663,9,33
3852,3,25
3886,9,31
4052,9,33
4175,12,31
4278,13,33
4676,10,33
465,9,32
1689,10,33
1858,8,23
2282,11,33
2778,15,33
3038,7,31
3100,1,11
3373,3,24
3232,14,31
784,1,28
1129,14,31
1391,8,26
1416,8,33
1428,13,24
1553,5,12
1570,4,33
2002,4,23
2200,8,32
2257,14,28
2598,9,20
2648,6,33
2790,8,32
2814,15,33
2818,12,29
2837,4,24
2961,10,31
3402,7,23
3607,5,26
3689,12,32
3724,6,25
4342,11,31
4465,12,33
4496,8,33
4518,4,25
4648,10,33
4861,11,32
4898,8,24
333,6,33
1298,10,32
1332,9,31
1588,13,31
2127,10,33
2164,16,32
2210,3,30
2471,2,29
3104,12,25
3554,10,27
4295,1,31
4464,7,31
4593,8,32
143,2,22
312,11,31
473,4,21
640,13,20
2390,9,29
3533,5,28
3626,13,33
3906,13,24
4452,4,28
401,5,29
1364,10,32
1785,12,33
1847,10,28
2264,4,18
2984,15,27
3167,3,24
3479,3,27
3634,7,29
3911,2,30
4512,12,33
4999,5,33
1450,9,24
1477,13,29
3397,11,29
4978,2,27
270,2,17
241,15,28
411,6,21
522,4,31
744,5,25
834,12,31
1243,5,28
1517,8,31
1645,12,33
1647,9,31
1714,14,32
1728,9,27
1768,10,33
2231,1,6
2243,5,29
2266,3,21
2517,16,32
2526,7,32
2726,10,33
2733,12,27
2879,10,33
3053,7,27
3064,7,32
3501,11,30
3561,13,33
3593,12,33
3653,10,26
4204,9,33
4304,10,33
4360,6,31
4958,10,33
424,11,31
671,12,28
900,5,31
1732,8,28
2256,11,28
2366,5,32
2577,14,33
3307,14,33
3319,4,33
3675,12,30
3784,12,33
4211,1,29
4632,6,24
4685,8,29
4715,8,31
4768,11,31
783,3,22
2047,4,26
2708,5,32
4077,6,28
4116,8,27
4713,5,32
416,3,29
1867,3,32
2150,3,26
3568,16,27
3978,5,33
4053,4,31
4142,6,30
4037,12,30
5000,9,33
400,5,29
1260,2,15
2244,8,30
3231,2,30
4014,3,31
4450,2,25
88,13,29
97,10,32
212,16,32
475,10,32
531,15,27
883,8,33
1151,9,33
1518,15,33
1974,20,33
2162,10,31
2470,13,30
2767,12,25
2996,2,28
3085,4,29
3142,7,32
3499,7,29
3681,16,32
3786,16,33
4004,8,31
4117,9,33
4203,11,28
4292,6,24
4885,13,30
4895,11,24
4911,16,33
4993,17,33
284,20,33
955,11,33
1003,7,31
1022,4,31
1101,5,29
1605,10,26
2261,10,30
3703,12,32
1089,5,30
1670,12,31
4651,16,28
2284,8,32
3698,8,33
53,7,33
1194,3,32
3162,6,32
3391,12,32
3837,11,31
3525,9,31
1694,5,26
194,5,21
222,11,32
432,6,25
822,9,33
1029,5,30
1038,4,32
1040,9,26
1075,2,20
1376,5,26
1409,11,32
1574,5,28
1599,2,23
1865,11,33
1883,9,28
2133,7,33
2180,6,31
2486,15,31
2548,12,33
2593,10,31
2750,14,33
2887,6,28
2888,7,31
3172,17,32
3177,11,30
3447,9,33
3524,6,33
3531,8,33
3555,6,30
3814,7,26
3892,7,31
4230,9,33
4315,6,32
4579,9,32
4671,7,30
4711,13,32
4716,6,31
4807,11,33
4833,14,33
4916,13,33
4953,12,30
566,9,26
584,7,30
628,10,31
1271,9,27
1326,11,31
1333,8,32
1462,2,29
1583,9,28
2428,6,32
3003,10,33
3298,6,31
3630,5,32
4388,9,33
4738,8,33
332,8,33
1286,3,25
1482,5,32
2655,6,31
2914,12,33
3427,6,31
4537,8,31
44,11,32
1641,6,29
4006,6,33
4045,4,16
4591,3,19
2217,9,33
2388,11,31
3764,13,32
4223,3,18
20,8,32
227,4,25
346,5,33
470,9,32
526,20,33
816,6,33
1230,20,33
1237,17,33
1290,14,33
1382,13,31
1617,7,32
1655,10,31
1877,25,33
1941,9,29
2060,14,31
2397,5,33
2447,12,31
2452,15,33
2827,19,32
2945,11,33
3005,30,32
3442,9,31
3475,10,31
3541,16,31
3792,3,32
3831,6,31
3952,13,31
3987,5,33
4095,10,32
4202,10,29
4460,8,32
4775,14,32
57,11,32
578,19,29
587,17,32
864,1,21
1465,6,28
1506,6,31
1549,7,30
1657,16,33
1752,13,31
2094,12,33
2299,9,33
2316,14,33
3090,9,29
3217,10,32
3310,11,31
3865,3,33
4943,18,31
4982,13,33
198,5,28
303,3,29
420,10,32
929,11,29
1468,18,33
1612,6,32
1909,9,30
1990,6,30
2083,3,30
3460,2,21
287,15,31
676,13,30
867,6,26
1329,2,21
2621,8,32
3684,10,33
534,1,20
1563,4,32
219,10,31
726,13,33
751,10,30
863,7,28
903,6,23
920,10,31
945,10,33
996,8,26
1062,10,23
1203,8,30
2001,8,28
2025,5,19
2097,10,32
2202,14,30
2451,7,33
2494,2,9
2573,9,26
2690,7,26
2703,9,32
2894,11,23
3195,6,33
3454,10,32
3669,9,31
4032,8,33
4189,16,33
4219,6,29
4398,5,29
4660,11,32
4706,12,33
4722,12,32
4821,12,32
994,12,30
1060,5,31
1065,10,33
1304,12,29
1432,13,33
1507,11,29
1590,8,33
2590,16,33
2847,11,31
3174,9,33
3291,3,29
3415,12,24
3874,12,33
4365,6,32
4578,9,33
4705,16,30
704,2,14
1464,6,32
1613,16,28
2762,2,30
2843,7,27
3130,3,19
3666,11,32
223,6,32
743,6,31
1267,7,33
4778,11,33
4857,5,30
153,10,31
1952,1,28
2618,2,23
17,11,28
2325,7,31
3592,6,28
3907,9,30
4274,5,31
343,11,29
516,7,30
590,9,26
601,11,33
1103,9,31
1131,12,29
1457,15,28
1610,11,31
1673,12,31
2010,11,32
2049,11,31
2227,8,33
2272,13,29
2312,5,27
2378,13,32
2419,8,30
2676,5,32
2869,8,31
2922,9,33
2924,14,31
3163,10,31
3424,5,29
3474,8,33
3750,6,33
3789,7,24
3918,14,32
4291,13,30
4781,10,31
9,9,33
232,10,28
512,4,33
853,3,28
1258,9,33
2209,7,31
2637,9,20
2806,11,32
3457,12,33
3842,12,31
4075,4,30
4387,10,33
4954,4,25
4,7,32
774,9,32
947,9,31
1771,6,17
2191,4,32
2570,6,29
2844,7,30
3152,7,33
3290,5,28
4613,6,26
4915,13,33
4959,4,29
2544,9,26
2920,9,32
3339,6,32
1984,2,9
141,1,20
4366,4,17
278,5,31
299,7,29
308,9,33
398,8,33
445,15,28
654,9,32
658,4,29
813,8,26
857,7,32
858,7,28
1019,10,33
1026,5,30
1032,11,30
1196,12,33
1210,12,33
1380,10,29
1485,8,28
1624,9,33
1721,5,28
1793,8,29
1839,11,32
1993,7,33
2026,7,25
2211,12,32
2286,10,30
2377,8,33
2386,4,17
2647,13,33
2738,13,29
2900,12,24
3358,10,31
3406,10,33
3421,5,16
3539,9,29
3603,7,33
3843,10,31
3925,8,33
4015,4,29
4019,14,28
4153,11,28
4170,11,33
4182,5,33
4732,7,31
4845,8,33
4847,6,32
4988,13,33
820,6,30
1049,8,21
1201,7,30
1209,4,31
2592,3,22
3122,13,28
4813,8,32
25,11,31
1720,9,33
1733,4,27
2437,2,28
2608,7,29
3051,5,22
3576,9,32
3736,4,30
4961,6,29
273,7,29
2173,6,30
3951,3,26
4482,11,33
4968,6,33
693,2,26
1666,3,31
2673,4,33
2913,5,29
2569,2,30
2114,1,6
35,12,27
47,7,32
195,8,30
456,9,33
571,10,33
684,10,27
798,15,33
830,12,32
905,4,21
942,11,28
1070,17,31
1190,9,32
1234,9,29
1272,10,32
1330,11,31
1676,8,32
1925,11,30
2122,5,29
2128,10,32
2263,3,32
2274,7,32
2287,5,24
2356,6,30
2373,4,33
2669,10,31
2685,11,29
2861,11,33
3144,12,31
3223,8,30
3304,11,31
3428,3,32
3719,8,33
3923,9,31
4008,17,32
4151,9,32
4341,9,30
4457,11,32
96,6,32
366,4,31
847,10,32
865,4,29
1316,5,29
1800,11,33
1878,4,29
2220,8,33
3155,7,30
3640,10,33
3859,6,30
4085,13,33
4108,7,30
4328,12,30
4439,4,33
4473,5,31
4795,5,30
4873,12,29
656,5,27
1170,9,30
1484,9,33
4509,7,33
4734,12,33
4887,9,31
1764,2,33
3208,3,32
3254,10,27
4448,5,31
454,4,30
1177,4,33
1478,9,32
3017,4,33
12,3,29
231,8,30
363,4,32
599,8,25
627,5,30
708,14,31
713,1,27
931,11,26
1050,9,29
1289,8,31
1322,16,33
1367,3,32
1503,2,22
1773,3,33
1791,6,15
2757,7,33
2944,4,33
3030,3,26
3164,16,31
3782,6,30
3929,10,29
4094,17,33
4138,5,32
4262,10,33
4288,5,22
4298,1,26
4348,9,32
4371,12,33
4521,6,20
4546,2,29
4658,9,25
4682,13,33
4966,2,32
207,2,33
659,14,32
672,15,32
739,7,31
969,6,23
1207,7,31
1470,4,25
1544,11,30
1822,8,26
2530,12,33
3153,8,33
3478,7,31
4622,8,31
4692,2,26
4730,8,32
4937,7,32
1761,5,33
3014,2,17
3101,9,32
3650,3,31
4103,9,32
4194,7,32
841,10,29
1777,3,32
1885,9,33
2860,6,28
3187,12,31
3655,3,31
4721,11,32
2959,3,33
149,6,30
230,15,33
334,5,27
338,9,33
367,9,29
573,10,32
686,8,30
811,14,32
1140,17,31
1319,10,32
1321,10,29
1469,6,30
1696,12,28
1758,15,32
1782,7,32
1912,9,30
1971,8,32
2149,5,23
2156,3,29
2214,7,32
2265,9,33
2459,13,31
2507,10,31
2609,8,32
2694,6,32
2775,13,32
2848,8,32
3120,12,33
3222,6,32
3407,15,33
3472,4,29
3477,11,26
3497,7,29
3580,5,28
3828,6,26
3936,8,32
3963,15,28
4414,16,32
4541,13,28
4636,5,30
4663,14,30
4802,9,33
175,5,33
602,2,18
859,8,32
951,7,30
1115,7,31
1218,7,18
1419,8,26
1615,1,9
1700,7,32
2036,10,19
2080,3,33
2285,11,33
2440,7,33
3074,12,29
3585,2,28
3806,9,30
4145,4,32
4408,4,28
4690,9,30
4823,10,32
340,10,31
393,4,27
3486,2,33
4091,2,32
4267,4,31
4317,9,33
3633,9,30
4624,2,31
4829,9,30
2728,5,26
3548,4,17
3586,7,33
4164,4,30
4564,12,28
3726,6,33
364,6,33
65,6,31
543,11,33
608,14,33
669,6,33
1516,12,32
1618,17,29
1753,5,33
1880,17,33
1905,7,31
1913,3,33
2021,3,32
2066,18,30
2106,7,28
2225,12,30
2248,12,32
2734,9,30
2825,7,28
3414,6,22
3528,15,33
3532,7,33
3682,8,33
3778,4,27
3797,21,30
3823,16,33
4049,12,32
4157,9,28
4163,2,26
4354,2,21
4517,19,31
4623,14,32
4625,5,29
4659,8,33
4797,9,31
4926,6,32
4979,22,33
117,9,23
548,16,31
729,15,33
754,7,30
803,8,32
910,14,28
1015,2,20
1637,9,31
2361,12,31
2630,22,33
2660,6,23
2933,13,31
3059,1,24
3292,12,26
3547,7,27
3662,15,30
3765,16,32
3966,7,32
4273,4,29
4400,12,32
4528,12,27
4653,11,32
4691,15,29
4784,12,31
4929,2,18
4934,14,32
1512,7,31
1886,10,31
2031,9,32
2045,3,24
2474,15,30
3116,3,30
3583,8,28
3970,8,31
4619,16,31
1002,10,32
2252,13,31
2764,3,33
3688,13,32
3772,8,32
4330,5,27
2425,1,16
437,7,26
3168,5,27
1,9,29
330,11,31
412,13,33
688,9,31
826,3,32
928,8,33
1007,8,27
1072,9,32
1352,13,32
1572,2,23
1573,4,31
1674,7,27
1760,10,28
2199,8,31
2347,9,31
2842,11,30
3000,5,31
3396,13,31
3557,11,33
3588,13,32
3798,5,32
4123,12,33
4583,6,30
4638,12,27
4714,7,32
4794,10,23
4843,6,31
147,10,29
302,8,33
1048,7,20
1265,6,32
1310,8,25
1370,10,32
1481,9,31
1526,10,32
1779,7,30
1823,3,27
2369,11,30
2389,11,26
2472,3,32
3276,12,28
3277,7,31
3462,12,31
3516,13,33
3636,5,29
4218,8,31
4383,7,27
4454,6,33
4896,9,26
353,14,30
913,8,29
1069,9,31
2035,7,33
2921,6,28
3147,6,33
3325,6,32
2185,4,32
3089,5,27
4107,8,30
4146,4,25
4329,9,33
4677,8,30
1401,2,28
892,8,33
3627,2,13
1955,2,3
4908,1,18
144,2,31
209,6,29
406,9,20
491,4,33
611,4,22
685,7,33
750,4,24
781,3,32
810,5,26
825,6,33
1342,7,28
1589,4,33
1630,7,31
1648,3,31
1665,4,29
2013,3,27
2093,8,33
2391,8,33
2422,9,33
2770,9,32
3353,9,33
3439,4,33
3451,10,28
3481,9,24
3664,1,26
3763,6,28
4071,12,28
4629,8,32
4803,15,31
4938,9,31
1293,6,33
1660,6,30
1705,2,26
1863,9,29
2148,2,33
2584,10,29
2784,9,33
2821,4,33
3242,6,28
3351,8,32
3556,6,33
3732,13,32
4228,6,32
111,5,31
935,2,24
1331,1,31
1806,9,24
2492,3,25
2934,3,29
3026,6,30
3078,7,32
3315,7,29
3611,5,31
4070,10,25
4753,7,28
3265,3,18
1236,7,30
3092,7,32
254,2,5
519,9,33
787,8,32
1338,11,32
1447,9,29
1719,2,23
1843,6,31
1907,4,18
2300,8,32
2310,8,33
2343,4,26
3035,5,32
3513,8,32
3825,14,33
4668,7,33
4696,14,33
4702,4,33
4976,11,33
176,4,30
371,6,28
458,6,30
467,7,33
748,8,28
1200,6,33
1934,10,31
1983,6,30
2267,8,33
2402,8,33
2537,6,33
2719,2,32
2854,5,32
3007,3,32
3123,4,17
3159,7,31
3734,5,31
3804,2,21
3910,9,31
4655,7,32
240,8,32
988,9,29
1369,9,29
1600,9,32
1678,2,12
2423,11,28
2776,2,20
3349,12,24
3456,7,20
3904,5,26
4051,4,28
4484,6,18
4582,14,33
248,2,22
1723,7,33
1805,10,31
1451,5,27
3241,5,33
27,8,32
28,17,28
46,7,33
369,3,33
486,14,33
529,8,28
539,6,31
651,12,32
852,12,30
1152,5,30
1305,8,31
1497,11,33
1724,4,31
1811,5,31
1882,13,29
2033,11,29
2116,12,30
2184,6,31
2205,12,29
2207,9,30
2314,6,30
2406,8,30
2615,6,17
2636,9,33
2805,5,28
2929,6,33
2973,4,30
2975,10,33
3039,8,27
3229,5,27
3386,13,33
3496,10,33
3536,16,33
3891,8,33
3933,5,30
3956,11,33
4100,8,28
4255,11,33
4946,13,32
182,3,20
514,4,31
579,6,33
591,3,31
1415,9,32
1501,2,33
1535,5,30
1792,6,33
2016,5,33
2713,3,18
2839,10,31
3170,3,18
3667,2,33
3706,8,30
4069,5,28
4356,9,24
4425,7,33
4520,6,29
4931,6,33
1041,9,32
1467,8,30
1650,9,31
1781,7,25
2022,8,32
2079,5,23
4957,2,17
72,4,32
91,3,21
3405,2,25
3430,5,33
4087,7,26
4104,9,28
4695,6,32
192,3,31
2167,1,23
165,4,23
258,5,26
403,4,23
567,7,31
730,5,26
970,4,25
1112,6,29
1248,11,30
1324,12,23
1357,11,33
1412,13,32
1421,5,29
1459,7,30
1492,5,33
1693,7,32
1735,14,33
1856,8,29
1946,9,33
2051,3,33
2058,5,31
2499,2,30
2502,9,31
2514,5,32
2533,6,26
2601,6,33
2786,11,23
2958,2,33
2962,11,32
2972,10,32
3077,8,30
3331,10,33
3445,11,33
3469,10,30
4033,7,32
4141,8,32
4444,5,23
4595,9,32
4904,9,31
4997,5,31
75,4,26
268,5,32
978,11,30
1079,9,27
1119,4,28
1323,6,23
1496,8,32
1751,10,22
2009,4,25
2661,2,25
2699,10,33
2798,12,32
3385,9,31
3418,3,32
3762,4,28
3913,1,31
4126,9,31
4136,10,33
4232,7,21
4289,5,27
4306,2,29
4785,10,25
356,3,33
1117,3,32
3206,3,32
3932,1,27
3993,12,33
3996,4,33
4188,10,30
4892,9,32
4927,6,33
280,15,32
2121,1,23
878,8,33
3143,3,31
4630,6,27
1222,6,17
100,14,32
108,3,32
266,6,31
444,6,28
448,18,32
554,2,24
768,6,32
919,4,25
974,5,33
1020,8,33
1061,17,27
1282,6,26
1365,7,33
1636,9,33
2183,12,22
2303,6,30
2720,11,32
2788,3,17
3034,10,30
3240,9,31
3300,5,25
3644,4,33
3659,11,32
3900,3,23
3926,4,33
3927,5,19
4068,14,30
4310,4,33
4318,13,32
4340,7,31
4791,8,31
4839,7,32
4852,1,27
66,12,33
128,11,25
329,1,7
405,2,32
1378,8,30
2446,9,21
2815,4,28
2840,6,19
3226,7,29
4346,13,32
286,5,28
780,1,27
1607,1,29
1893,10,24
4389,2,12
2099,1,25
2178,8,25
2338,6,32
2349,12,31
3413,7,33
4657,3,25
4790,4,33
805,4,27
2320,1,21
1921,7,26
2992,3,23
4487,10,23
3,13,32
99,11,32
161,5,29
237,13,33
532,14,31
661,3,32
761,8,30
1063,16,32
1121,8,33
1281,5,33
1361,16,32
1502,7,29
1562,11,32
1695,8,32
1949,9,31
2003,20,32
2040,8,33
2068,10,33
2132,14,32
2195,6,33
2357,6,20
2565,8,31
2657,7,30
2760,12,25
2893,6,30
3433,4,31
3737,4,30
3884,10,33
4114,10,32
4264,7,23
4433,9,32
4519,17,33
4542,6,23
4551,5,31
4557,8,32
4590,18,33
4592,4,29
4765,16,32
4853,18,31
4963,5,31
30,7,25
365,4,33
962,14,31
1433,11,32
1692,9,31
1795,14,33
1871,7,27
1897,25,33
2250,19,32
2467,5,24
3269,13,32
3582,2,18
3697,16,33
4009,12,27
4140,5,29
4243,11,27
4409,22,33
4708,14,33
4747,20,33
133,5,32
586,3,24
767,10,33
2383,13,32
2884,2,33
3050,5,26
3171,4,33
3459,9,29
1110,3,28
3654,3,21
3870,8,32
4301,7,28
3429,15,29
3523,12,33
3971,13,32
103,2,25
142,3,32
180,12,31
233,9,32
510,3,32
1071,9,33
1406,8,31
1538,3,25
2017,8,26
2101,1,25
2280,2,24
2298,4,33
2441,9,33
2639,8,33
2729,12,32
2743,5,33
2819,8,27
3048,5,27
3126,9,31
3294,11,33
3368,6,27
4308,7,24
48,2,11
269,10,28
414,8,32
612,10,32
792,12,29
984,10,32
989,4,32
1098,12,32
1130,8,29
1212,8,27
1776,2,30
2477,8,31
2515,2,31
2581,7,31
3086,8,33
3343,3,28
3446,6,32
3465,7,31
3599,13,32
4423,5,17
4431,3,28
4499,12,31
4567,17,33
4893,2,15
952,6,30
1311,7,33
2011,13,32
3237,2,33
3249,7,25
4064,15,33
4545,4,32
4767,6,28
1224,6,32
2813,2,30
4027,3,28
4530,7,32
4891,2,29
89,2,29
1390,8,31
2159,9,29
3235,6,27
3761,6,33
162,4,28
220,10,31
415,7,32
436,2,32
528,6,31
868,17,31
961,10,33
990,16,32
1055,9,30
1167,1,26
1306,9,33
1374,15,33
1437,2,26
1532,12,33
1571,17,33
1584,2,22
1778,10,29
1876,15,32
1888,3,29
1972,6,21
2215,7,33
2513,12,30
2559,8,33
2759,18,31
2822,2,30
2970,12,33
2994,10,29
3033,12,30
3197,5,23
3270,3,28
3303,14,33
3362,3,29
3504,8,29
3559,2,24
3656,16,33
3739,17,33
3768,7,32
3776,9,29
3811,12,29
3942,3,30
4099,4,26
4319,13,32
4581,11,30
4816,4,30
4907,4,29
135,9,31
426,4,30
490,22,32
499,15,32
610,8,22
904,14,26
1143,3,31
1179,14,33
1547,3,32
1930,14,30
1937,12,33
2012,5,27
2055,4,31
2067,10,31
2292,15,32
2785,2,32
3191,12,33
3903,3,27
3967,17,27
4209,8,33
4216,8,32
4616,4,31
4909,13,31
765,10,33
1915,3,21
2398,14,32
3158,4,30
3256,16,29
3562,12,32
4011,17,30
4260,8,31
228,5,30
621,10,32
1565,9,32
2952,14,33
4396,6,24
4498,2,26
1187,6,32
2304,1,27
4325,7,33
3868,17,33
4735,11,32
24,12,32
39,4,31
234,13,30
245,12,30
374,16,29
413,5,14
585,19,33
759,6,32
788,11,29
871,15,33
1580,13,31
1671,11,29
1682,4,19
1780,3,33
1842,5,23
1977,19,33
2056,4,26
2245,16,33
2405,14,33
2482,15,29
2563,12,32
2679,14,31
2986,9,33
3198,9,31
3200,10,33
3441,10,27
3467,20,33
3493,17,33
3549,15,32
3702,11,32
4022,18,33
4234,10,33
4269,11,32
4347,7,33
4351,20,33
4858,18,31
836,5,29
1033,3,24
1193,10,33
1288,6,24
1620,6,27
2410,8,32
2505,12,28
2828,14,33
2863,14,33
3018,3,12
3136,15,33
3267,14,33
3916,3,30
3950,17,33
4215,10,31
570,2,20
790,12,27
1597,13,32
2739,13,33
4083,11,33
4158,15,32
4639,5,30
4886,4,29
564,1,4
807,7,29
2233,5,22
2881,15,33
6,4,24
2674,3,30
1840,11,33
3335,7,25
3354,1,27
102,9,33
292,6,27
325,13,33
361,10,33
385,6,32
597,10,32
679,8,31
1125,3,29
1154,12,30
1199,5,33
1269,16,33
1349,13,33
1628,10,29
2105,12,33
2111,18,33
2170,6,31
2307,10,30
2683,10,32
2787,4,30
2868,9,28
2892,7,32
3019,14,32
3175,12,26
3219,4,22
3318,13,32
3498,5,33
3621,7,26
3693,5,29
3722,13,33
3769,4,33
4084,8,29
4105,15,31
4205,10,32
4607,16,28
4872,2,24
4902,4,33
166,11,31
860,4,33
1120,8,32
1188,8,28
1351,14,33
1939,2,33
1970,13,31
2201,11,33
2379,9,23
3390,4,29
3686,7,31
3872,9,33
3894,18,33
4392,5,31
4704,6,33
43,7,28
184,11,28
319,3,26
443,3,29
3108,11,33
4382,7,31
4479,15,33
4569,6,24
2339,3,27
2617,3,33
2772,14,32
3455,12,31
4596,5,20
623,13,33
1687,13,27
4687,2,26
2085,2,29
2616,6,28
208,13,32
281,13,32
384,9,28
666,14,26
1136,6,17
1436,9,31
1576,12,31
1616,5,21
1664,3,24
1789,6,29
1838,10,32
1967,7,21
2362,13,30
2395,5,31
2831,3,25
2940,11,33
3106,12,32
3180,13,26
3264,10,33
3295,5,32
3359,9,26
3590,12,30
3595,13,33
3715,2,27
3878,3,31
4021,8,30
4063,8,24
4110,4,20
4181,11,33
4244,7,33
4326,13,29
4560,16,30
4882,9,30
4944,12,26
214,5,33
328,4,28
349,5,33
422,11,33
629,15,26
728,11,32
849,5,28
1407,6,21
1762,5,28
1917,5,31
2230,9,26
2401,12,32
2574,9,30
3041,8,30
3132,11,33
3511,7,33
3941,9,31
4149,3,31
4309,6,30
4935,7,31
4945,11,31
320,6,26
326,12,29
870,8,29
1524,9,33
2050,8,33
2620,13,32
3807,10,28
4543,3,26
4933,6,26
2336,1,13
4369,10,33
2957,7,31
4259,4,32
283,11,32
394,3,21
471,6,31
631,8,33
698,15,33
709,10,32
747,2,19
827,12,32
851,7,33
1099,9,29
1135,7,32
1397,8,31
1996,8,33
2334,12,33
2462,12,31
2623,9,23
2755,10,29
2826,11,33
3006,18,33
3233,13,33
3721,9,29
3857,4,25
4177,7,29
4253,13,33
4254,9,27
4417,9,31
4437,13,33
4500,5,33
4526,9,23
4558,7,31
428,3,30
916,11,32
1124,10,30
1474,7,28
1783,5,32
1908,10,31
2473,12,32
2891,12,33
3110,6,32
3620,8,29
3810,8,32
4416,11,33
4510,10,31
190,4,17
737,3,29
855,3,21
1042,5,31
1263,8,29
2182,8,32
2188,10,32
3031,5,32
3203,11,32
3953,11,26
3983,16,32
4364,8,31
2197,6,19
2222,9,29
4302,12,33
965,6,32
3899,3,28
4429,6,29
2626,9,32
4344,7,31
337,2,29
447,10,33
560,9,32
687,23,33
771,18,32
821,6,31
992,12,30
1174,4,30
1221,11,30
1345,7,32
1360,31,33
1386,10,24
1566,12,30
1769,9,25
1860,13,33
2038,9,32
2291,10,33
2665,13,33
2919,9,27
2974,13,30
3146,14,33
3289,6,31
3856,9,32
4129,7,33
4672,5,27
4756,11,29
4831,9,31
4894,13,27
537,4,22
1028,5,33
1139,8,31
1303,5,31
1435,16,33
2168,7,31
2239,11,30
2771,9,25
2792,6,20
3388,14,33
3861,6,32
3985,9,30
4041,5,29
4377,6,33
4524,5,30
4627,14,27
1711,8,27
2438,3,18
2903,13,33
4263,5,32
4600,5,26
4782,8,32
4941,7,32
4970,4,33
2706,10,30
3449,4,33
59,7,32
2394,5,23
2857,1,18
101,8,33
137,9,33
164,11,29
533,9,33
806,6,32
835,6,32
925,7,31
946,3,20
964,7,31
998,16,33
1604,8,31
1748,12,30
1787,7,31
1835,14,32
1931,10,24
2037,15,33
2352,5,30
2364,11,18
2489,10,31
2763,10,27
2809,7,32
2943,12,32
3068,11,32
3193,9,28
3274,10,32
3514,8,30
3648,7,32
3708,11,29
3808,4,32
3881,6,30
3901,6,30
4106,9,30
4300,11,33
4350,8,32
4525,11,32
4728,8,28
4936,8,31
4967,12,30
21,8,33
632,10,33
885,6,31
1564,7,24
1802,13,28
1960,8,33
2024,14,32
2354,13,30
2424,14,28
2560,11,33
2580,9,32
3075,16,32
3489,9,32
3503,14,32
3714,9,30
3725,8,30
3801,8,32
3922,7,22
4446,7,29
4913,5,30
1602,6,33
1726,5,32
2411,8,32
2478,11,33
3243,8,29
3848,8,33
4440,6,27
4505,8,26
4925,8,27
2561,8,33
2731,11,29
3508,8,29
697,12,32
2029,9,30
4901,3,28
