/* 
BONUS: Selezionare per ogni studente il numero di tentativi sostenuti per ogni esame, stampando anche il voto massimo.
Successivamente, filtrare i tentativi con voto minimo 18.
*/

SELECT
id,
COUNT(*) AS "numero_tentativi",
MAX(vote) AS "voto_massimo"
FROM students
JOIN exam_student ON exam_student.student_id = students.id
WHERE vote > 18
GROUP BY students.id

id,numero_tentativi,voto_massimo
81,2,29
119,6,32
235,5,27
342,6,33
723,3,32
757,8,32
1302,9,31
1444,3,29
1653,8,32
1995,3,33
2294,7,33
2296,8,32
3643,4,24
3649,5,33
4282,4,32
4432,3,32
1356,4,26
1510,4,33
1552,5,27
2439,5,33
2650,2,20
3383,5,30
2668,7,32
3213,2,29
637,2,27
285,6,32
391,7,32
478,3,33
524,1,29
1088,2,29
1579,3,33
2234,5,29
2283,1,24
2575,5,24
4703,1,29
4930,2,28
829,3,31
1257,9,33
1418,5,32
2850,4,33
3613,4,26
358,3,30
1798,3,28
2153,1,32
3355,4,30
3476,5,27
4167,5,33
4719,4,30
197,2,30
690,2,24
1536,4,32
2455,6,26
619,5,33
2522,7,31
3793,4,32
4020,2,33
357,1,29
1438,1,29
3897,1,25
553,2,31
4897,5,31
511,2,24
1348,3,25
2714,2,28
3579,4,31
4258,4,30
3484,2,25
304,6,33
368,10,33
440,9,33
1000,7,32
1296,2,33
2071,4,28
2089,4,33
2143,4,24
2295,7,28
2460,4,32
2782,4,31
2917,7,28
2918,11,31
3097,9,32
3268,8,29
3272,9,32
3546,6,29
3571,4,27
3847,11,33
3947,2,31
4242,4,32
4312,5,32
4338,3,33
4515,4,32
4769,8,32
4793,11,33
110,2,32
1213,1,24
1533,10,32
1729,10,32
3275,7,33
4689,7,33
4809,3,24
4973,4,30
4981,9,33
4996,6,31
2086,3,25
243,1,26
293,5,31
1399,5,29
1411,7,29
1581,4,33
3094,6,31
3409,2,29
3631,8,32
3821,6,31
4248,7,33
4903,3,26
778,3,33
1384,6,32
4824,3,25
74,8,33
359,5,26
506,1,19
1997,12,33
2151,1,23
3161,2,29
3252,5,31
3261,3,29
4538,2,28
4644,10,33
4717,10,32
1334,2,23
3182,2,29
2165,7,33
267,13,33
530,3,25
2535,3,33
4411,3,33
2046,8,32
350,5,29
1420,8,30
2634,5,28
4777,5,33
2542,2,25
3189,5,32
106,8,33
1150,3,31
1959,10,32
4025,2,32
4101,6,31
4801,2,31
1614,4,31
2228,9,32
3520,5,31
4681,5,29
2629,1,25
4654,4,28
950,2,33
203,6,33
480,4,32
1679,3,32
2329,5,33
2816,9,33
3102,10,33
3227,4,31
3745,5,32
4065,3,33
4210,8,33
4320,6,33
4493,3,27
4920,6,30
4983,6,33
517,5,29
1596,6,33
2115,2,28
4213,7,33
3062,5,30
238,4,33
1009,4,22
1052,2,33
2749,4,27
2853,2,32
3037,5,29
3202,2,33
3322,3,32
3384,2,32
3862,3,31
4594,3,27
4670,6,31
4917,5,28
4977,7,28
4375,7,33
1163,3,29
1942,2,22
4017,5,30
4147,4,27
306,3,33
1483,7,27
1765,7,30
2177,3,28
2456,6,27
2871,8,32
4047,2,19
4502,8,32
4729,5,33
625,6,33
2833,1,32
1036,5,33
1216,2,30
1545,1,25
1855,3,31
3517,8,33
4641,3,33
1301,1,21
1076,1,31
513,1,27
2342,2,33
3994,3,33
55,4,32
624,2,29
1924,8,33
2005,8,28
2052,6,33
2612,3,31
2635,2,27
2925,2,32
4043,3,32
4162,5,30
4285,5,32
4720,1,28
210,1,27
2124,2,29
2671,5,28
2799,3,33
3293,9,33
2189,1,21
2947,6,27
271,6,32
418,1,32
789,2,29
917,11,33
2387,8,32
2434,1,24
2527,6,33
4112,2,29
4384,3,24
4889,1,25
1929,9,32
2555,3,29
159,5,33
763,2,25
2443,7,33
2941,2,28
3076,3,21
3766,5,33
83,4,31
541,1,24
977,2,28
1739,2,29
2640,1,19
291,1,25
2812,1,32
3928,5,33
4723,4,33
4815,5,33
3411,2,33
1812,9,29
3540,1,33
4750,5,30
4994,5,33
4726,4,31
211,7,33
1697,4,25
2902,2,31
3375,6,25
3387,4,33
205,6,33
557,6,31
1864,6,30
126,4,32
3537,3,32
3617,6,32
2587,3,21
2998,3,33
4504,4,30
32,4,32
379,7,32
705,8,32
824,5,29
1157,3,33
1625,7,26
2104,6,32
2163,8,32
2651,7,32
2681,5,32
2810,4,32
3054,7,33
3412,5,32
4497,4,26
4652,2,27
4880,4,33
3704,3,33
4991,3,31
638,4,30
897,2,29
2332,1,27
2418,3,27
2605,4,26
3199,3,29
3570,2,28
4971,2,23
134,7,33
423,3,26
1173,5,32
3137,4,33
4609,6,32
150,3,30
975,2,30
2247,2,31
2353,3,26
3341,3,31
4573,3,27
4631,2,32
4851,8,32
18,1,22
1175,3,29
2238,3,30
2331,3,30
3320,5,33
2906,3,29
1448,3,33
251,5,32
1339,6,33
3207,3,31
3658,2,25
185,2,32
838,5,30
986,2,24
2174,4,31
1836,3,22
3818,3,33
4838,1,25
113,1,33
2800,1,32
4626,3,32
4817,2,32
3492,1,30
40,1,28
457,7,31
551,7,29
880,5,28
887,2,24
1452,2,24
1834,6,26
1892,1,30
2279,2,32
2576,1,19
3450,2,33
3777,4,31
4508,4,31
4645,4,32
4990,5,27
4481,1,31
85,2,26
879,4,25
1078,4,33
1824,1,21
2015,3,25
2154,1,30
2491,6,29
3040,5,32
3084,5,28
3458,2,30
3813,2,29
4155,2,23
4501,7,33
4744,4,33
1081,7,31
3753,6,27
4055,4,25
525,1,31
706,2,33
1405,4,29
1962,2,24
1965,3,32
2235,2,26
2611,1,29
3596,1,22
3204,3,27
4222,1,30
4552,3,30
362,1,32
3431,2,20
699,5,32
939,1,21
4757,3,26
1146,3,29
2351,1,32
3379,2,28
4061,1,25
794,2,21
4379,2,31
1087,2,31
1217,3,29
2768,2,26
874,1,32
3157,2,23
323,3,31
576,7,31
1085,1,19
1185,3,33
1788,3,30
1844,3,31
2393,4,33
2476,5,30
2908,5,33
3032,6,32
3723,3,33
3832,2,29
4198,6,33
4313,4,32
1953,2,28
4212,3,26
4584,6,32
354,5,33
3836,4,31
202,5,24
300,2,21
451,3,26
691,5,31
1082,4,27
1557,2,27
1827,5,32
3001,2,25
3061,2,33
3115,7,33
3216,2,21
2553,5,33
3296,4,31
828,2,28
1093,5,29
1270,7,33
1933,2,33
1988,4,29
2204,5,33
2695,1,23
4195,6,32
4394,3,33
4949,2,32
104,6,28
1359,3,27
1413,4,26
4612,5,32
568,6,27
607,6,33
738,6,32
2359,4,31
4828,2,20
476,2,30
518,3,33
702,5,32
3103,2,32
4442,2,32
488,1,23
2381,6,25
3365,3,28
914,4,33
2146,1,24
1231,1,28
1690,3,32
3895,3,32
3381,2,27
3679,1,32
2480,1,32
382,5,33
770,9,33
856,3,29
902,6,29
1343,1,20
2337,3,33
2613,6,32
2709,3,27
2880,9,33
3016,7,31
3186,4,33
3194,8,31
3535,6,30
3683,5,31
3691,6,33
3746,2,24
3839,4,33
3958,3,29
4397,3,26
4516,6,29
2579,9,30
2585,3,30
4370,2,25
4436,9,33
4178,6,33
109,4,29
355,5,33
933,8,33
1954,7,31
2048,4,32
3012,5,30
3082,2,31
3748,3,32
1285,3,30
3259,5,28
1499,6,33
124,7,30
1255,5,29
1430,5,33
3308,7,31
3332,2,33
3521,1,30
4012,5,28
4031,1,25
2727,3,29
1619,3,29
894,3,29
1894,7,33
2313,1,27
2463,5,33
2735,3,33
3221,2,27
3949,4,33
4418,6,32
4975,2,27
2830,3,28
2571,2,30
2458,3,30
3029,1,25
3846,1,22
4461,1,32
4684,2,27
1629,1,22
2193,2,29
2053,1,19
2350,5,33
3423,1,27
3770,1,22
882,1,30
1336,1,24
2518,2,33
2567,1,20
1325,1,26
4772,1,23
261,4,30
626,3,32
1126,6,32
1922,6,33
2018,4,32
2604,3,27
2988,5,29
3316,3,23
3673,5,29
3701,5,33
4279,6,33
4367,4,31
4401,3,27
4836,5,33
31,4,30
3266,1,26
2742,7,27
4036,2,25
641,3,33
1205,5,32
1681,4,33
2751,3,26
2766,6,28
2838,7,33
2858,2,32
2953,4,32
3056,5,29
3205,2,33
3314,6,33
3954,5,33
4192,5,32
4236,5,33
2512,5,33
3403,6,31
4224,7,31
4621,1,27
643,4,29
376,3,31
995,3,32
2246,3,27
2602,5,33
4428,2,27
1712,4,30
1938,3,26
2032,4,29
2968,3,26
452,4,33
1111,4,32
1118,3,27
1347,2,32
3577,3,31
3968,5,33
4073,6,31
4160,1,30
4316,7,32
944,2,31
985,4,31
1868,3,31
4421,3,26
123,2,31
1204,1,30
3284,2,26
4965,1,22
1749,2,26
1961,4,29
1985,3,31
4419,1,31
2140,3,31
3569,2,33
118,2,28
3629,3,32
1245,2,26
3262,1,28
845,3,31
959,3,31
1044,7,32
1891,3,29
2117,3,28
2885,4,33
3327,6,33
3959,6,32
4206,4,33
4265,4,30
4376,6,32
4649,8,33
4679,7,32
4808,5,29
583,9,32
1859,4,28
4736,2,32
56,5,31
1346,7,33
1857,5,32
2380,5,24
3214,1,23
3680,3,26
766,3,30
1803,4,33
4078,3,32
4667,4,31
549,5,28
818,5,32
869,2,27
938,8,33
972,2,21
1095,4,31
1252,7,33
1295,5,27
1631,1,19
4435,3,26
4287,7,32
3049,6,32
4921,6,28
409,3,30
1123,3,33
2311,3,30
2915,7,33
3550,3,31
4804,3,27
4187,6,29
171,9,30
4787,6,32
4637,4,33
2509,6,30
1514,3,28
1923,7,33
2044,3,33
2689,3,33
4233,5,31
809,2,33
3500,5,33
4942,4,30
3637,5,33
3728,1,32
489,5,33
218,6,31
642,11,33
815,8,30
1035,2,33
1429,1,24
1656,8,33
1663,1,19
1932,6,28
2091,6,29
2426,4,27
2725,1,22
2747,7,32
2966,6,32
3330,7,32
3609,7,29
3822,2,32
3853,3,31
4016,5,31
4905,6,28
4974,4,32
655,3,31
1278,7,33
1654,4,33
2355,7,31
4404,4,28
4899,4,33
735,2,28
777,2,25
1202,5,33
1522,6,27
2006,1,30
2087,5,30
2335,2,22
2596,3,32
3025,4,32
3145,3,33
3505,5,32
3873,2,29
4030,3,31
4132,4,31
4134,3,33
4469,6,31
4669,4,32
1294,5,33
3855,2,32
397,4,32
594,7,29
1672,3,26
2597,4,33
2678,4,31
3022,7,32
3173,4,33
435,4,28
155,1,22
746,7,33
2862,1,26
2995,3,32
3817,1,24
3420,1,30
315,2,32
4731,7,33
383,4,33
4536,1,29
3311,1,28
1476,2,27
4614,3,33
94,3,25
145,3,30
213,5,33
252,8,32
753,3,30
1242,8,29
1554,5,28
1632,5,28
1846,10,33
2748,6,33
4225,3,25
4294,3,26
4380,6,33
4964,4,30
1820,9,32
2495,7,32
399,5,26
670,5,31
1396,10,33
1763,3,32
2109,9,33
2539,4,30
2989,8,33
3552,4,32
4874,7,32
732,5,32
4121,3,26
69,3,32
934,11,32
1956,2,29
2004,2,24
2139,10,32
4733,7,32
4759,8,31
1016,4,32
1164,9,33
3124,8,32
2954,5,32
4139,2,25
4745,9,33
86,5,33
215,3,31
507,3,31
1740,2,28
2328,4,29
3138,5,30
2600,2,33
3940,7,33
1578,1,24
2008,3,31
799,4,33
1159,1,27
2145,2,28
2545,6,33
2554,6,32
2599,3,24
2951,8,33
3519,8,33
4459,3,31
4749,1,32
4883,3,32
1980,3,26
3247,1,28
1147,7,32
1084,5,33
1178,1,21
1247,2,25
1328,1,28
1808,2,27
2063,2,26
2064,5,32
2317,7,32
2360,5,32
3112,4,32
3135,2,24
4088,3,33
4362,3,32
4540,9,33
4800,2,31
3196,4,33
3902,1,29
4940,4,27
2465,4,28
93,2,33
1192,3,28
2326,6,30
4972,1,20
4643,1,31
1443,2,30
1233,1,22
1879,2,31
2019,6,33
3060,6,30
3209,1,21
1113,3,25
3980,3,33
580,1,24
1986,3,25
3890,1,23
4159,4,33
943,4,32
3087,6,32
3210,4,30
3820,6,33
4760,3,33
3969,3,33
297,2,29
1716,2,29
3600,4,33
909,2,24
981,5,32
1254,4,29
1539,6,31
1790,4,33
1957,5,26
2990,2,24
3212,6,31
3367,1,33
3573,4,33
3885,7,30
4168,3,31
4220,5,32
4426,3,32
229,4,32
407,4,25
817,3,26
1830,4,27
2985,4,33
3866,3,30
4040,5,31
76,2,33
742,4,32
796,3,31
812,6,29
1100,3,27
1466,5,32
2876,3,24
2910,4,33
3305,5,32
3392,6,33
3771,4,31
3774,5,30
247,3,28
1688,1,20
2594,6,32
636,3,30
662,2,25
1341,2,21
3047,4,33
982,4,32
2557,4,26
1064,1,24
2039,5,33
2498,1,27
3352,2,27
4611,5,32
2166,2,24
725,1,25
1978,4,31
3495,1,31
3538,3,26
4154,3,33
4490,3,30
2795,1,20
3404,4,30
4890,4,32
4878,1,28
618,3,31
646,5,31
891,1,30
1116,5,32
1253,6,32
1494,9,30
1567,6,27
1586,1,22
1747,11,33
1994,3,33
2745,2,33
2981,6,32
3639,4,32
4303,7,28
3443,2,26
4688,2,33
3692,2,27
922,7,33
2370,5,29
2407,6,28
2552,9,30
3880,6,32
4485,9,33
1051,2,33
3510,4,33
179,6,33
667,5,26
1881,1,19
1920,1,22
2367,9,32
2752,2,30
3326,1,22
4962,1,28
1471,7,33
2808,5,24
3131,6,33
4489,8,31
1228,4,31
3417,6,31
3858,6,33
1555,7,31
2993,1,19
595,3,32
1256,1,29
189,2,21
263,4,30
277,3,31
884,3,24
1172,2,22
1208,8,30
1509,2,21
1738,6,27
1845,2,26
1870,8,33
1896,6,33
2131,10,33
2187,5,26
2223,4,31
2769,7,33
3522,5,32
3578,7,32
3608,8,29
3834,4,26
4023,4,28
4079,6,30
4413,5,28
4806,2,33
899,6,29
1056,3,31
1737,4,33
1982,2,30
2237,6,31
2823,7,29
3434,8,33
3727,7,33
4007,8,32
4173,2,23
4434,6,33
2041,4,33
4026,10,33
279,5,31
569,4,29
657,1,27
1169,6,33
1531,3,31
1661,2,31
3013,3,33
3273,7,32
3512,5,33
3794,4,30
3815,2,30
3975,8,32
168,3,33
927,2,31
3165,1,29
3960,1,19
217,5,33
837,4,21
1741,3,32
1832,6,32
1947,1,28
2801,8,33
2978,7,33
3364,5,33
3380,2,31
4293,3,31
4477,8,31
4491,9,33
92,2,26
272,3,30
469,2,33
1106,7,29
4914,7,32
2889,1,30
3758,2,26
644,3,29
791,1,22
538,4,27
3128,2,31
3139,1,30
2382,4,32
2027,3,32
4855,1,21
4900,5,30
4361,4,30
4628,2,29
2682,1,20
4120,1,19
2754,4,30
105,3,31
345,7,30
404,3,27
1486,3,29
1745,5,28
1852,6,33
1884,2,27
2136,6,33
2496,11,33
2783,5,32
3105,7,32
3333,4,32
3790,4,27
4156,3,33
4866,5,27
1849,5,31
4424,9,33
4741,5,33
3070,3,26
2586,2,30
497,3,31
1916,5,32
1950,7,33
2034,2,29
2497,8,32
3236,3,32
3581,3,30
4185,8,33
4553,7,33
4770,9,32
127,4,30
335,5,33
614,11,33
3826,4,30
170,8,31
2546,5,31
3491,2,23
4214,7,28
4268,1,19
4604,2,33
4675,2,31
125,4,32
1021,8,32
2384,3,27
4443,8,33
2730,10,32
1816,6,33
3440,5,30
4240,5,30
3803,7,28
639,2,33
3313,3,30
250,7,33
3154,5,33
3915,6,31
2072,6,33
1017,5,32
3356,4,27
546,7,31
1251,3,27
3348,5,31
1160,1,27
1638,2,26
2069,5,33
694,1,33
41,2,29
324,6,33
926,6,33
2130,3,32
2273,7,31
2346,8,31
2883,2,30
3280,4,28
3712,9,33
3829,5,33
3879,5,31
4118,6,32
4718,7,33
455,8,33
689,6,33
800,1,31
2622,7,31
3096,5,29
3616,6,29
3628,8,31
2289,8,27
843,3,32
958,3,27
1134,2,30
1145,5,31
2113,8,31
2849,3,33
3166,4,31
3328,2,33
4161,6,32
4391,8,32
4402,3,30
782,2,28
1137,5,32
2192,2,30
3099,7,32
4724,8,33
191,3,30
90,6,28
253,5,32
1551,7,33
1642,9,32
1710,3,26
1770,2,27
2075,8,33
3340,1,20
4137,3,32
4566,5,33
4737,4,33
4919,7,33
5,5,33
544,4,28
2158,2,27
3618,4,31
3044,4,30
523,7,31
3178,5,32
3908,3,33
3946,5,27
745,7,33
1757,7,33
3347,2,33
1005,2,28
2538,6,32
4029,1,21
4701,2,28
121,2,32
2073,2,29
4249,2,32
4762,1,27
785,3,33
3767,4,30
80,3,31
186,5,33
596,4,31
906,9,32
1037,6,30
1300,4,33
1388,6,33
1487,2,26
1659,10,33
2258,1,28
2431,5,32
2811,3,27
2846,8,33
3518,8,33
3809,7,31
3931,7,32
4406,7,31
4602,5,29
4608,3,31
2221,8,33
2976,8,28
4812,7,27
3587,4,27
71,3,32
377,8,30
509,7,32
622,7,32
875,3,31
2030,3,27
2092,9,33
2186,5,31
2663,7,32
2963,6,28
3360,4,31
3567,4,32
4196,7,32
4290,4,31
4474,10,32
4773,9,29
4825,3,32
872,7,32
924,7,33
3344,7,33
4003,5,25
294,5,33
563,7,33
715,8,32
886,8,33
2662,5,32
3148,2,28
3281,3,32
3833,7,32
4241,3,30
446,9,33
1340,5,33
1814,6,28
2416,2,26
3015,8,31
3113,3,32
3346,9,33
3619,7,33
4523,2,30
1530,6,30
4661,1,33
3464,6,27
1715,4,33
844,5,30
4779,6,31
1542,2,26
2746,8,33
749,4,30
4506,9,31
4615,6,32
4229,4,33
107,3,24
481,3,30
600,4,30
677,3,33
714,4,31
719,6,31
793,3,33
896,4,31
940,6,29
1046,7,33
1047,8,32
1292,6,32
2054,4,31
2641,7,28
3043,8,32
3410,3,30
3461,6,28
3788,5,32
4565,5,26
4693,4,32
474,5,32
1074,5,32
2677,8,33
2851,10,32
4286,5,33
4322,4,23
309,6,31
459,2,26
1149,4,29
1402,2,28
2208,7,33
2803,8,33
2979,5,33
3709,2,24
4472,7,33
87,4,24
496,8,32
1718,4,29
1449,5,31
265,2,26
313,2,26
360,11,33
408,2,23
650,3,32
721,5,33
895,2,19
1540,3,29
2098,7,33
2659,9,32
3534,2,32
3718,2,30
1594,4,30
3802,2,26
4697,5,32
421,8,32
3606,2,32
3731,2,31
45,3,22
1926,2,25
3069,2,31
3720,3,27
3002,2,24
3645,3,29
2074,1,20
4610,5,31
2841,8,33
4246,1,21
3419,7,33
2242,3,33
3395,2,33
183,4,32
225,3,29
1284,7,32
1649,12,30
1935,7,33
2927,3,32
3009,9,32
3027,6,27
3160,4,31
98,3,31
1138,8,33
1706,4,30
1862,9,32
2399,1,31
2540,3,30
4870,1,32
555,1,19
592,5,33
953,9,33
1809,2,23
1817,5,32
2262,7,30
3302,4,27
3896,3,33
4588,4,30
1383,8,31
3597,3,31
3979,7,31
3394,4,31
833,6,30
1598,2,33
1813,1,27
1833,4,32
1936,6,26
2179,10,33
2375,5,32
4373,3,32
4664,5,21
4674,3,32
4758,2,21
1059,6,28
1742,3,32
609,4,29
1593,1,23
1667,3,30
2562,7,31
3426,1,29
3867,3,28
4529,2,32
4533,2,23
4620,3,30
3028,2,26
3575,4,31
1559,7,30
4420,1,23
348,3,29
889,2,33
1023,1,24
2232,3,31
4876,4,29
603,3,22
1585,3,32
3329,4,32
881,2,27
4096,6,31
3224,3,27
1327,3,31
1109,2,28
3079,6,31
4665,2,33
138,3,32
389,4,27
434,7,28
449,6,33
453,6,32
460,7,31
1299,10,30
1556,5,33
1731,5,32
2911,1,22
3366,6,33
3589,3,30
3816,9,33
3988,9,33
4082,6,32
4190,7,31
4455,4,33
4576,9,33
4617,4,32
4699,3,33
4939,2,33
2457,2,25
122,8,32
479,4,33
2181,4,27
3754,3,32
3914,11,32
4054,8,33
4086,6,32
4960,5,33
1434,10,33
3301,6,31
3487,5,33
3601,3,22
4208,6,29
4640,2,30
140,6,33
276,3,31
562,5,31
979,4,32
1148,5,31
1372,5,31
2198,4,33
2218,3,30
3757,8,33
4272,6,32
4276,3,30
206,2,30
664,3,31
3141,2,32
1940,5,31
1004,6,28
4805,6,30
1153,1,31
1250,5,30
1928,2,33
4818,4,32
466,1,27
1489,9,32
4057,5,33
4336,2,30
4884,4,29
3912,1,31
4680,1,20
1807,5,32
158,3,28
289,6,27
316,4,32
387,4,26
786,1,23
1181,5,31
1195,1,26
2103,3,28
2503,2,28
3119,3,33
3400,6,30
3845,4,30
3990,3,29
4174,4,31
4184,3,28
3278,2,27
4261,7,26
2255,5,32
2453,6,33
4544,6,33
264,3,32
1092,4,31
3118,3,31
3529,4,30
4486,5,32
4599,4,33
246,5,33
2859,2,30
4314,3,32
2680,1,33
4562,6,33
1427,3,32
2213,2,32
2432,3,28
2591,3,23
3058,1,29
4503,4,31
4539,1,22
2525,1,29
1717,4,26
73,4,33
515,4,29
823,3,33
2417,1,30
4834,4,27
2135,2,25
4492,5,28
1375,1,30
1291,3,24
2692,1,25
3140,1,32
1442,4,33
2932,1,30
4237,3,33
187,3,29
1646,6,32
2259,6,29
2716,3,30
2753,5,28
3192,6,27
3336,9,33
3984,6,33
4035,6,30
4507,2,31
4788,8,32
1317,4,33
1815,10,33
2309,5,32
4869,5,31
4948,5,33
630,8,32
1297,3,26
1973,1,33
2450,4,26
2543,6,29
3042,4,33
3781,2,28
4074,5,23
4349,7,33
4642,4,29
1743,4,30
4650,2,29
3635,3,29
37,6,27
181,3,27
1045,5,32
1543,1,19
2137,6,31
2236,6,29
2508,4,30
3244,3,25
3787,5,32
4299,3,31
314,9,32
1350,1,31
1708,4,32
2059,1,33
2589,3,29
4081,4,28
3973,2,31
633,4,33
1491,5,33
2551,4,30
2645,5,30
2969,5,30
3011,5,32
3687,1,24
3841,1,20
4148,6,32
1008,4,32
307,3,26
616,2,27
95,2,25
58,7,32
760,1,21
873,2,31
1504,2,33
1523,7,28
1608,6,33
2224,5,33
2385,6,27
2415,4,31
3286,4,33
3677,4,32
3751,2,29
3799,3,31
3972,5,31
4238,4,33
188,5,30
1662,2,26
1979,1,23
2534,4,23
3883,7,33
4280,5,32
1105,4,33
1976,6,30
4098,2,33
438,5,32
29,2,27
63,4,29
804,4,32
1191,4,32
1275,3,29
1837,5,30
2875,4,33
2939,2,23
3151,4,29
3623,3,23
3641,3,32
3796,2,30
4296,2,32
4445,3,33
4488,3,33
846,4,31
4332,2,30
442,2,26
1643,1,30
1799,4,26
2368,1,29
2547,4,32
2807,4,26
4333,4,32
4415,3,28
172,1,29
380,2,23
1968,2,22
4172,5,31
77,4,31
463,2,31
1513,1,29
1519,3,30
2372,3,27
3436,4,33
3716,1,19
3944,2,31
4143,3,30
4740,1,28
2607,3,31
3747,3,32
839,4,33
1315,2,30
3860,1,29
4327,1,27
2081,2,27
1239,3,30
3282,2,32
877,2,25
1058,3,31
1226,4,32
1366,7,30
1902,5,32
3181,5,33
3470,2,30
3483,3,29
3515,5,31
4109,3,32
4239,3,30
4277,3,31
4374,2,24
4780,6,32
4792,2,32
4799,8,32
1704,5,30
4867,4,25
4969,7,31
4998,4,26
4678,3,32
439,3,32
501,2,30
634,2,32
2322,9,33
2779,3,29
2873,3,26
2578,2,32
11,3,32
1108,1,20
3363,2,22
3909,1,24
4002,5,32
4458,3,32
3893,7,30
3760,6,31
4871,1,20
2420,7,33
347,6,32
462,4,28
712,5,28
2658,5,31
2691,6,33
4666,4,30
167,4,33
740,3,33
3215,3,29
3935,2,32
1227,2,31
581,3,25
1963,3,30
4166,3,33
4463,2,31
1575,4,30
3943,6,27
722,4,32
84,6,32
154,3,33
716,3,33
727,7,33
1235,5,25
1454,4,29
1500,1,30
1577,5,32
2057,4,26
2430,1,32
3614,4,27
3670,1,29
3671,1,26
3876,1,31
3986,4,25
4059,3,31
4090,4,32
4410,3,32
4633,4,33
4752,4,32
4247,3,24
956,2,26
1353,2,32
1488,2,32
1850,3,29
2619,2,33
2711,7,32
3287,2,32
4042,2,30
4235,5,32
4441,3,33
4555,6,29
4814,4,27
173,4,28
2070,1,27
2260,1,31
2633,1,28
2931,2,30
3657,3,29
3840,1,20
769,1,31
1861,3,30
2436,2,28
4067,5,30
1458,3,27
565,4,29
3955,3,32
2229,2,27
2413,3,33
3730,3,33
3741,2,33
4207,3,32
370,5,33
2967,4,27
3622,1,32
4056,5,27
425,3,32
4221,1,32
2288,3,24
3466,2,30
4709,2,21
1901,2,27
62,4,28
196,4,29
386,9,33
495,3,32
1475,1,23
1529,4,33
1774,9,33
2454,6,31
2529,4,29
2926,5,32
3052,6,31
3795,2,32
4038,3,32
4125,3,30
4549,1,30
4686,10,31
178,3,25
427,1,32
683,6,27
801,5,29
1014,6,32
1403,3,33
2323,4,28
4456,5,26
4462,7,32
4483,11,30
2043,4,32
3376,2,30
492,4,27
2603,4,33
2654,8,31
2000,3,32
3371,2,32
3705,1,24
4761,2,31
1030,2,32
1829,6,32
3334,3,30
3553,5,33
2327,8,32
331,9,32
4256,6,30
4353,4,30
2155,4,27
4133,1,23
1633,5,31
1866,1,29
1951,8,32
854,3,32
1394,7,33
2761,6,33
295,2,30
4131,1,21
82,11,32
1441,11,33
1810,2,27
2226,9,32
2344,8,32
2374,6,33
2481,3,33
2568,2,26
3819,5,32
4888,5,33
776,2,33
2160,3,27
4646,10,33
4928,8,32
4399,12,33
274,7,30
464,5,29
848,7,28
936,6,33
1456,1,19
1473,5,28
2365,1,33
2506,2,29
2667,1,28
3185,2,19
3566,9,33
4368,9,33
4789,6,26
4798,2,29
1362,3,31
2409,3,33
3176,3,26
2532,3,33
605,2,27
1211,4,26
1392,5,30
3057,6,31
3775,10,33
4385,8,32
4550,1,21
1107,4,31
1144,5,29
2321,1,20
3067,6,33
1162,6,32
1875,1,22
3297,4,33
4597,5,32
755,5,30
907,8,33
2930,5,29
1229,2,31
558,4,33
3020,5,31
4848,4,33
477,3,33
2120,4,33
4381,3,30
4574,3,33
911,5,30
980,3,26
1128,3,33
1490,2,32
1515,3,31
1623,1,21
1691,4,33
2175,3,33
2519,4,30
2541,5,29
3253,2,31
4577,6,32
4601,3,30
4837,5,33
921,5,31
4281,2,27
1240,4,33
1358,1,25
1414,4,33
2249,4,33
3046,5,33
4331,2,23
4355,6,32
4471,2,22
4879,4,31
305,2,30
2468,6,32
4119,7,30
2997,1,23
1215,1,19
1387,2,33
1756,2,26
2341,3,30
2686,2,30
2834,3,21
3422,2,33
4698,3,33
4751,2,21
3624,5,27
773,4,33
1568,4,29
2358,3,32
4135,5,28
4438,4,26
1755,5,32
3851,4,31
4478,2,33
19,1,21
500,2,23
997,1,26
3416,3,30
908,1,31
1703,3,30
1825,2,27
419,3,31
1537,2,30
50,3,33
665,3,33
692,2,21
673,2,30
1057,2,24
1784,1,29
888,8,33
960,4,33
967,6,31
1012,8,32
1094,6,26
1669,2,25
1707,11,33
1987,7,29
2466,5,31
2675,3,33
2796,6,32
2820,7,31
2904,7,33
3125,6,31
3742,3,24
4339,4,27
4403,4,30
4427,3,32
4470,9,32
4707,5,33
1766,6,33
2741,4,30
3257,6,27
4089,6,32
862,6,32
674,3,30
850,8,27
861,2,31
1702,7,31
1887,8,33
1906,3,25
2564,6,33
2722,4,29
2781,8,33
2836,1,22
3004,2,32
3350,5,26
3468,7,33
4357,8,33
112,6,33
2643,3,30
2897,4,32
2899,9,32
966,6,31
1389,4,32
2500,5,28
3432,1,27
3615,6,30
3869,5,33
4575,4,31
4826,3,27
2429,4,33
2276,4,30
1900,6,30
1754,3,29
2301,1,27
1077,3,28
4352,4,27
139,3,33
1034,6,31
2780,2,30
3791,3,31
1911,3,33
3437,6,28
3678,5,29
2102,1,25
2107,1,22
2718,2,28
327,2,31
968,7,33
1368,2,32
1744,9,32
2065,6,33
3306,6,33
3690,4,33
3889,3,33
4028,2,32
4048,6,33
4144,4,33
4395,4,33
4405,4,32
4561,9,33
4694,4,32
23,11,33
1244,9,33
1404,8,32
1675,9,31
1698,5,33
1927,2,32
3055,7,30
4763,5,25
410,8,33
1534,3,31
2241,7,27
2330,7,30
2400,7,33
3612,5,28
3981,5,29
3997,6,29
923,6,27
1053,4,29
1786,5,30
606,4,31
61,10,32
840,3,26
1898,10,33
3008,8,33
3021,4,32
3638,4,33
3824,9,33
4283,5,33
4447,2,33
4580,4,26
4039,2,29
3369,7,33
617,8,33
831,6,33
1197,3,31
4251,3,32
4786,4,31
682,8,32
3271,6,32
1621,8,32
2845,9,33
3071,6,33
3133,3,32
4727,3,32
2028,5,32
2126,5,29
4245,2,32
2870,1,29
3150,5,33
3288,4,29
1262,2,27
3805,1,32
115,4,31
169,4,32
482,5,32
1182,5,31
1463,8,32
1772,3,32
1818,4,33
2275,4,32
2737,8,32
2977,6,30
3401,5,29
2487,5,31
236,6,32
2088,1,23
4832,2,26
33,3,28
290,5,32
390,5,30
461,2,24
700,1,27
741,3,31
971,3,33
1377,2,26
1699,9,33
1828,2,33
2632,2,30
3361,8,32
4226,3,29
4480,9,33
4755,2,31
2345,3,26
2912,2,32
4275,1,25
4468,5,32
4475,10,30
1609,6,33
116,1,31
132,1,30
282,2,31
1651,6,32
2528,4,31
4918,2,21
1460,3,29
2523,7,33
589,5,33
1713,3,29
1895,9,32
3509,2,27
4060,1,29
485,4,28
1261,2,32
1280,3,28
4186,3,29
1198,4,33
3183,4,32
146,6,33
322,9,30
1086,1,26
1102,4,32
1133,8,30
1472,6,33
1498,7,32
1701,6,32
1872,4,33
1991,5,31
2281,8,33
2479,7,32
3024,10,31
3066,4,33
3399,6,31
3977,4,29
4201,4,31
4822,1,20
4984,4,26
502,8,32
2302,2,27
1276,6,33
262,2,31
433,8,32
1025,2,30
1314,4,33
1400,8,28
1725,9,33
1848,6,29
3169,10,32
3755,3,31
4323,3,28
4453,8,29
4514,3,30
4835,8,32
4906,4,29
3558,6,33
1479,3,30
2125,4,26
2583,6,33
2642,2,24
3695,11,33
4080,3,33
2511,9,26
199,5,31
575,4,24
2524,2,25
2817,9,32
2950,2,27
114,7,33
918,7,31
2652,5,26
3453,1,29
373,2,25
177,6,33
680,7,33
4058,7,29
832,5,33
244,8,33
819,5,30
1155,3,21
1561,5,31
2061,3,32
2348,4,33
2614,7,30
2824,7,33
3073,3,25
3260,3,27
3321,3,24
3393,2,20
4199,2,22
4725,5,32
2445,5,29
2721,2,31
3632,5,32
4989,8,33
402,5,32
2138,6,32
2251,6,28
2956,4,32
3111,5,31
4005,6,30
4193,1,23
4956,1,27
1259,3,33
1268,3,33
2610,2,27
2898,6,29
256,2,31
613,2,29
2020,4,33
2084,2,20
2702,8,32
1520,1,20
1727,5,33
2363,1,28
2758,5,32
4311,2,32
317,7,28
983,6,32
2318,5,33
3480,2,30
3974,10,32
4910,6,33
4947,4,33
498,2,24
2628,2,32
4572,1,28
4985,3,33
2216,6,32
2666,7,31
4180,3,29
129,5,31
660,2,33
752,4,27
866,6,33
1283,3,30
1841,6,33
2306,4,26
2340,3,33
2740,5,33
2797,6,32
2829,2,32
2964,5,33
3245,2,30
3248,5,32
4115,5,28
4585,3,31
4922,4,32
2901,3,32
3258,5,31
4018,3,23
36,2,21
378,5,33
620,5,31
802,5,30
1184,7,32
1337,3,31
1381,3,27
1493,3,28
2141,4,31
3114,2,29
3717,5,28
4183,4,32
4324,3,27
4495,5,32
4683,3,33
4827,2,31
4854,7,30
4868,2,30
49,2,30
1171,5,33
1417,4,33
2832,4,27
2687,5,33
1958,4,31
3961,1,26
4393,4,33
4865,4,32
2624,3,20
4000,6,30
487,2,26
912,1,27
1511,3,32
1439,4,33
976,3,32
3672,1,27
160,4,30
388,2,28
678,1,26
1313,3,30
3982,1,28
4548,1,32
3934,1,33
429,1,19
3560,1,29
4754,3,32
4776,1,28
2942,1,33
3230,2,27
3930,1,19
152,5,33
604,4,31
653,6,31
1307,4,31
1461,8,33
1546,5,32
1685,1,28
1797,4,26
2142,7,30
2493,5,29
2558,3,31
2646,2,22
2774,4,32
2965,5,31
3239,2,27
3377,4,33
3482,2,31
3756,4,30
3835,7,32
3937,5,27
4034,6,32
4093,7,32
668,5,33
3338,1,19
4511,10,32
4846,7,33
720,4,32
758,4,28
991,3,28
2253,3,33
3591,4,32
3919,3,33
156,7,29
221,7,33
351,3,23
2701,4,30
3107,4,27
3238,4,30
3888,7,31
756,2,31
311,5,29
2704,5,30
3283,3,26
3372,6,33
3544,4,31
3602,5,32
2717,3,32
4556,3,29
298,5,33
648,6,29
695,1,20
1010,2,29
1127,4,30
1335,6,32
1874,7,31
2872,4,32
3651,6,33
1658,5,28
3887,2,33
4050,2,19
4875,3,22
3279,7,33
2631,1,24
3408,6,32
4950,3,32
2582,5,30
503,4,32
4992,3,32
52,3,30
239,4,32
1158,4,27
1541,9,33
1560,5,28
1709,6,32
1981,8,32
2484,5,32
2516,5,31
2638,9,30
2938,7,33
3674,3,22
4335,7,31
193,3,29
711,6,31
1273,6,27
1505,8,33
2290,1,32
2773,9,32
3080,3,31
4987,4,31
1668,6,31
3948,2,27
296,2,33
472,7,31
572,4,28
1440,8,29
2293,6,33
3023,5,30
3780,4,26
3830,7,32
3877,4,31
4227,4,33
4844,8,32
647,6,29
1318,5,31
2319,3,29
4532,2,32
336,4,28
663,6,29
1582,4,31
1734,2,32
3957,1,19
4563,6,33
54,4,29
2510,2,32
3604,2,27
718,1,28
1264,3,28
2777,2,29
3201,2,28
4250,10,31
4171,6,32
4359,3,30
808,6,31
1410,7,31
3045,5,32
3149,1,19
4712,5,30
2376,3,25
4547,3,24
703,1,29
1308,3,30
1344,1,19
67,1,25
1006,1,24
13,4,31
249,5,30
795,3,32
1424,12,32
1683,4,32
1854,5,29
2403,8,30
2882,2,28
2890,4,28
3263,6,32
3875,7,33
3917,6,32
4092,3,28
2268,5,33
2712,13,33
3098,4,30
707,5,30
2427,7,32
2999,2,28
3661,5,32
4127,5,32
4150,2,29
4284,4,21
4605,5,31
4662,11,33
941,5,30
3345,11,33
4783,8,33
876,8,33
70,4,31
505,3,28
1189,6,33
1969,3,29
2305,7,33
2684,3,31
2707,7,31
3945,6,33
4451,6,33
2297,1,20
3121,6,30
3713,3,32
4535,4,25
3065,2,32
3134,5,30
710,5,32
3378,1,26
1684,4,32
2794,6,33
4130,2,33
4449,2,24
1904,3,33
3783,1,24
4390,1,33
4859,2,32
4924,2,29
2118,6,32
3063,4,33
957,5,30
3225,1,30
3342,1,29
3800,6,32
915,2,29
1090,8,32
1122,3,33
1309,3,28
1320,1,24
1379,2,28
1527,8,33
1569,4,32
1746,2,31
2949,2,25
2991,9,33
3072,4,33
3735,2,31
3871,5,29
4102,2,33
4197,6,30
4603,1,21
1622,9,28
4746,5,33
1083,3,30
4932,3,25
310,4,32
395,4,29
901,1,28
1206,1,26
1423,1,25
2123,3,30
2521,2,31
2700,3,32
3211,3,28
3452,2,31
3838,4,33
4534,2,31
2112,6,30
2907,5,30
14,2,27
588,3,29
3309,3,30
3448,10,33
4111,2,33
2062,6,32
2269,4,31
2756,1,27
4097,3,24
4860,8,32
1214,3,30
2194,1,33
3676,3,33
4305,2,27
4739,5,30
3036,4,31
3563,5,31
2315,5,30
3665,5,33
4912,1,26
226,4,33
255,8,33
257,3,30
341,4,31
381,3,33
733,1,30
898,6,33
948,5,25
963,5,29
1024,8,32
1080,3,31
1686,6,30
1759,5,30
2023,9,26
2096,7,33
2172,5,31
2412,5,25
2449,6,32
2572,8,33
2744,7,30
3228,7,32
3398,6,31
3471,4,32
3530,4,29
3711,3,30
4358,4,33
4466,5,28
4647,4,27
3898,5,33
736,5,29
540,4,33
1097,5,29
1371,4,33
1373,6,33
1525,6,33
1826,4,31
2277,2,30
2895,6,33
3129,8,33
3565,4,27
3647,6,29
4124,4,28
4634,5,33
675,2,28
797,7,30
1363,1,27
2864,7,31
701,7,30
2196,2,31
2324,4,30
2464,8,33
2670,1,20
1627,6,28
2971,7,31
1819,2,32
396,2,29
468,4,23
542,1,21
2078,5,31
4217,2,29
2129,8,33
288,5,32
3976,2,29
4062,4,30
521,5,33
582,5,29
775,4,31
1890,2,31
2688,3,28
2278,6,29
2333,1,23
2852,1,19
216,1,26
224,3,33
344,5,32
535,3,30
645,5,33
890,8,28
999,2,25
1001,6,33
1027,5,32
1066,6,33
1220,8,32
1508,3,31
1652,6,33
1801,2,30
2435,8,31
2710,5,31
3494,12,33
3502,4,31
3998,6,29
4345,6,25
4522,4,29
615,7,32
1794,2,31
3668,9,32
4343,7,33
1873,1,33
1355,5,30
2171,1,24
2308,1,19
2606,3,33
3246,5,33
3863,7,32
3989,4,31
4024,8,33
4307,5,33
4372,6,29
4476,4,33
4606,6,33
4952,8,32
375,8,33
3743,4,32
60,2,21
724,5,31
930,3,26
1054,3,30
1166,6,31
2190,3,24
2644,2,24
2802,5,33
3312,1,24
3849,5,30
4044,5,32
4128,7,27
556,1,28
1277,1,29
1312,3,31
1992,4,33
4076,2,31
4297,3,33
954,6,31
2077,3,29
2408,3,29
2520,3,26
2886,1,33
3685,2,32
3844,3,32
4412,4,32
4986,3,32
2485,7,33
3010,3,28
4673,2,32
734,2,32
949,5,31
3091,1,30
4774,2,28
3598,3,28
484,4,31
1775,3,29
275,10,31
937,3,33
1018,5,33
1141,5,28
1919,7,32
1989,6,31
2696,7,32
2946,4,24
3156,7,31
3285,6,32
3435,2,29
3964,6,29
4169,7,27
552,5,33
2550,5,31
3564,4,33
3827,7,33
1249,8,29
2595,3,26
1246,6,29
1354,4,32
1393,9,29
1408,2,24
1640,6,28
2937,3,24
3526,4,32
3738,2,32
4586,4,32
4635,7,33
4700,2,32
10,4,31
2566,6,33
3527,4,27
4066,3,29
15,3,32
1425,7,33
1587,8,32
2371,5,33
2469,6,31
2874,7,32
392,5,28
842,3,30
1104,9,27
2483,5,31
2980,1,21
3488,5,30
3995,3,29
4766,5,28
4841,5,32
1944,6,32
2909,8,31
3572,5,31
3117,3,27
2983,5,28
3551,9,30
3188,6,31
1287,3,31
527,1,31
318,5,32
1232,3,30
1595,4,33
1945,6,33
1966,6,32
2147,4,30
2392,8,33
3127,3,31
3184,3,33
4122,3,30
4231,4,29
4422,6,29
4771,9,32
1910,1,21
2475,8,33
3905,6,30
1639,7,33
1644,5,32
4618,6,33
204,8,33
987,7,33
2007,6,29
2625,8,33
3179,2,27
3652,5,32
3660,2,29
3939,7,32
4270,8,32
4923,7,33
577,3,28
3924,4,32
4072,7,32
4001,7,33
321,8,29
993,6,33
2421,2,32
2490,2,23
2960,2,32
4252,6,32
4531,2,33
1831,2,29
2161,4,31
2448,5,31
2157,5,30
2,3,31
441,5,26
649,3,31
1680,5,33
2732,4,32
2855,7,33
3095,5,32
3696,3,33
4710,4,33
4862,9,32
1422,5,33
4810,2,26
764,5,28
2905,8,33
4386,4,33
4796,2,32
1455,2,28
8,5,28
372,1,19
1558,2,23
1851,1,25
4554,6,31
4378,6,31
2212,2,22
2076,8,31
3357,5,33
1385,1,32
163,2,32
431,3,28
550,2,30
559,6,31
635,2,32
1031,9,32
1165,6,33
1183,4,32
1521,6,32
2110,4,29
2270,9,31
2705,3,29
3218,3,27
3323,5,32
3545,6,29
4571,4,31
4748,3,33
4840,4,29
79,4,30
136,6,32
1445,1,30
3740,1,31
4152,8,31
352,2,27
547,4,31
1238,7,33
1528,1,25
2444,2,33
2664,4,32
3093,2,30
3190,4,27
3752,7,28
4589,1,19
174,3,33
200,2,33
1591,2,26
4494,2,30
1964,5,32
1039,5,33
1279,4,32
1796,2,33
3506,5,32
3707,7,33
4113,5,29
4568,2,25
2987,1,30
3444,2,25
1225,4,30
51,5,32
772,3,32
1495,2,28
2108,2,30
4191,5,31
4570,2,26
260,1,31
504,7,32
1168,3,30
2556,3,29
3965,4,31
2765,4,32
1067,3,27
4864,3,27
762,3,30
1266,7,32
1611,7,33
2488,8,33
2653,5,30
2697,5,33
3779,4,31
3864,14,30
4363,4,33
4467,2,32
893,7,33
3255,9,33
3507,7,33
3992,3,30
148,8,33
1142,7,30
1223,5,32
1626,4,31
1750,3,33
1903,4,32
2119,4,33
2501,12,32
2656,4,30
2793,3,33
2916,4,33
3220,5,28
3324,4,33
3370,5,29
3490,2,27
3642,10,32
4830,5,32
3733,4,23
4321,2,27
4820,6,32
130,4,31
450,6,32
1013,4,28
1043,2,30
1156,10,31
1426,7,33
2134,7,33
2693,6,26
3710,4,31
4587,3,28
4656,5,30
151,2,20
1091,5,26
1853,7,29
3812,4,30
4849,5,33
1180,1,25
1821,2,27
3389,6,32
4165,6,33
4743,4,30
3251,4,32
973,5,33
1219,3,33
4742,6,32
4850,7,32
2433,3,29
2090,4,31
2672,3,33
4881,6,28
42,2,33
536,3,31
1606,1,29
1943,2,26
22,7,31
64,4,33
1603,2,28
7,6,32
494,3,31
779,6,32
1073,7,30
1161,5,33
1635,4,31
2014,5,31
2082,4,33
2549,7,32
2867,3,32
2935,9,33
2955,6,32
3485,12,33
3729,4,33
4013,3,30
2698,7,33
3088,1,29
34,4,32
1241,4,33
1677,4,33
2531,2,32
2627,5,30
2866,5,32
2896,3,33
3317,6,30
3938,2,23
4200,6,33
4842,1,21
2254,6,30
4176,5,33
4819,5,33
1869,3,30
2219,6,31
2736,3,30
3610,2,25
3625,10,31
3850,3,30
1601,2,29
3646,7,31
4995,2,33
3699,3,26
4337,9,32
2804,4,29
3374,2,29
2203,2,27
3337,3,30
1453,6,29
2878,4,32
3744,4,33
483,5,31
2536,1,29
3109,1,24
4764,1,24
4811,2,20
2404,2,30
157,3,33
339,4,29
417,3,32
598,2,32
681,3,29
1398,2,30
1767,8,30
2240,5,27
2271,3,32
2724,10,33
2789,6,31
3081,8,29
3438,8,33
3920,2,27
4527,9,29
4951,4,30
508,6,33
1634,8,32
2442,9,30
3694,5,30
4046,2,30
4179,2,30
4513,1,33
4856,3,32
3999,4,24
16,1,29
301,6,31
1114,5,29
1889,7,33
2042,4,32
2100,2,23
3962,4,26
1132,1,20
1548,6,33
3773,2,30
574,5,33
652,9,33
2095,3,24
2396,1,22
2649,10,33
3663,7,33
3700,3,28
4052,5,33
4559,4,29
4676,6,33
1480,2,26
465,5,32
932,5,32
2504,2,24
3574,5,32
3852,1,25
4175,4,31
4278,6,33
4334,3,33
696,6,32
1689,6,33
1736,4,31
2144,7,32
2778,6,33
3038,5,31
3759,6,30
3882,4,32
3373,1,24
3785,3,31
1858,1,23
3473,4,32
2282,5,33
2461,4,33
3886,4,31
3605,1,29
3232,2,31
784,1,28
1129,5,31
1416,6,33
1428,5,24
1570,2,33
2200,7,32
2790,4,32
2814,5,33
3402,2,23
3607,3,26
4496,2,33
4861,6,32
4342,5,31
333,5,33
2002,2,23
2127,5,33
2210,3,30
2257,5,28
2961,4,31
3724,2,25
4295,1,31
4464,4,31
2471,1,29
2648,3,33
143,2,22
640,2,20
1332,4,31
1588,7,31
2164,7,32
2390,4,29
2818,5,29
3533,3,28
3689,4,32
4452,2,28
4593,5,32
4898,3,24
312,3,31
3554,4,27
3626,9,33
4648,5,33
473,1,21
2984,2,27
3479,1,27
3634,5,29
3911,2,30
4999,4,33
1391,2,26
1847,6,28
2837,1,24
3167,1,24
1298,4,32
401,2,29
1450,3,24
4465,4,33
4512,5,33
4978,2,27
1477,5,29
3104,5,25
1785,7,33
4518,1,25
3906,4,24
1364,4,32
3397,2,29
2598,1,20
241,4,28
522,4,31
1243,2,28
1517,8,31
1645,6,33
1728,5,27
1768,5,33
2266,2,21
2526,4,32
2726,8,33
2733,5,27
2879,6,33
3501,6,30
3561,6,33
3593,7,33
3653,9,26
4304,8,33
4958,6,33
671,8,28
744,2,25
1714,9,32
1732,3,28
2256,7,28
2517,7,32
2577,8,33
3053,3,27
3307,7,33
3319,2,33
3675,5,30
3784,7,33
4211,1,29
4632,1,24
4715,5,31
4768,3,31
424,7,31
900,3,31
1647,6,31
2047,2,26
4077,3,28
4204,6,33
4116,4,27
4360,3,31
783,1,22
1867,2,32
2150,1,26
2708,3,32
4142,5,30
4713,2,32
4053,1,31
2366,2,32
3978,3,33
4037,8,30
2243,3,29
5000,4,33
400,4,29
4685,4,29
4450,1,25
3568,5,27
416,1,29
834,3,31
3064,5,32
3231,1,30
4014,1,31
2244,5,30
411,1,21
88,5,29
97,6,32
475,4,32
1151,3,33
1974,9,33
2470,6,30
2996,2,28
3142,5,32
3681,6,32
4004,4,31
4117,6,33
4292,3,24
4895,3,24
4911,8,33
4993,7,33
212,8,32
883,5,33
1518,7,33
2162,5,31
3786,7,33
4885,7,30
1022,2,31
2261,5,30
2767,3,25
3703,6,32
955,6,33
1605,5,26
3085,2,29
1670,4,31
3499,4,29
531,7,27
4203,3,28
2284,5,32
284,8,33
1003,5,31
1101,2,29
1194,3,32
3162,3,32
3698,4,33
3837,4,31
4651,3,28
3391,9,32
53,3,33
1089,1,30
3525,4,31
1694,4,26
194,2,21
822,6,33
1029,4,30
1075,2,20
1599,2,23
1883,6,28
2548,8,33
2593,5,31
2750,6,33
3172,8,32
3447,5,33
3531,4,33
4230,5,33
4315,4,32
4579,6,32
4716,3,31
432,3,25
1409,5,32
2133,4,33
2486,7,31
4807,7,33
4916,7,33
4953,7,30
4833,5,33
3177,3,30
566,7,26
584,4,30
1333,5,32
1376,3,26
1462,1,29
1865,4,33
2428,5,32
3003,7,33
3524,3,33
4388,6,33
4711,4,32
4738,6,33
628,6,31
1271,5,27
1583,2,28
3630,3,32
4671,4,30
1326,6,31
332,7,33
1040,4,26
1482,5,32
2655,2,31
3427,5,31
3892,4,31
2914,7,33
2887,1,28
3814,2,26
4537,5,31
1038,1,32
44,5,32
1286,1,25
2888,4,31
3298,1,31
1641,3,29
4006,4,33
222,4,32
1574,2,28
2217,4,33
3555,2,30
2388,3,31
4591,1,19
2180,3,31
3764,3,32
816,4,33
1382,8,31
1617,5,32
1941,7,29
2397,4,33
2447,8,31
2827,10,32
2945,4,33
3475,3,31
3541,7,31
3792,3,32
3831,4,31
3952,10,31
4095,6,32
4202,4,29
526,8,33
1877,11,33
2060,7,31
2452,10,33
3005,13,32
864,1,21
1465,3,28
1549,3,30
1657,7,33
2094,7,33
2299,6,33
3090,6,29
3217,5,32
3310,6,31
4982,5,33
578,6,29
587,4,32
1230,8,33
4460,3,32
2316,7,33
20,5,32
198,2,28
303,3,29
1290,6,33
1468,7,33
1612,3,32
1990,5,30
2083,3,30
3460,2,21
3865,2,33
57,5,32
420,4,32
929,4,29
676,10,30
1506,3,31
1909,4,30
2621,5,32
3684,7,33
3987,3,33
4943,8,31
346,2,33
227,2,25
287,8,31
534,1,20
1329,1,21
470,4,32
1563,3,32
1237,4,33
3442,5,31
4775,4,32
1655,5,31
867,4,26
1752,3,31
219,6,31
726,7,33
751,5,30
903,3,23
920,4,31
945,4,33
996,3,26
2001,6,28
2097,8,32
2703,6,32
3195,4,33
3454,7,32
4706,8,33
4722,7,32
4821,6,32
1203,3,30
4189,7,33
994,7,30
1507,5,29
2590,8,33
2847,5,31
2894,3,23
3174,5,33
3291,3,29
3669,1,31
4219,2,29
4365,5,32
4398,2,29
4660,5,32
4705,4,30
1065,7,33
1590,3,33
3874,7,33
4578,4,33
1464,6,32
2025,1,19
2202,4,30
2451,5,33
2573,4,26
2843,4,27
1060,2,31
223,4,32
1267,6,33
3415,4,24
3666,8,32
4032,5,33
4778,5,33
2690,2,26
4857,1,30
153,5,31
1952,1,28
2618,1,23
2762,1,30
863,4,28
1432,2,33
2325,2,31
3592,3,28
4274,2,31
17,4,28
3130,1,19
1062,2,23
743,4,31
3907,4,30
1613,4,28
1304,4,29
343,6,29
590,5,26
1103,5,31
1131,6,29
1457,7,28
1610,6,31
2010,5,32
2869,5,31
3424,1,29
3474,5,33
3750,4,33
3918,10,32
601,9,33
2312,3,27
3789,2,24
4291,3,30
1673,6,31
2378,7,32
4781,5,31
232,5,28
516,4,30
1258,5,33
2676,4,32
2922,4,33
4075,3,30
4387,6,33
4954,3,25
2272,3,29
2419,2,30
2806,3,32
2924,4,31
3842,7,31
4,6,32
9,5,33
512,2,33
774,6,32
2191,2,32
2209,3,31
2570,2,29
3152,5,33
4915,6,33
3290,1,28
3457,7,33
2844,3,30
2049,5,31
2920,5,32
3339,3,32
947,6,31
2227,3,33
4613,3,26
853,1,28
2637,1,20
141,1,20
4959,2,29
2544,2,26
3163,2,31
278,4,31
299,3,29
445,7,28
654,6,32
857,6,32
858,4,28
1196,8,33
1210,6,33
1793,5,29
2026,6,25
2211,5,32
2286,5,30
3358,6,31
3406,5,33
3603,6,33
3843,5,31
3925,6,33
4015,3,29
398,3,33
658,2,29
1019,6,33
1624,5,33
1721,2,28
2900,3,24
4170,4,33
4845,5,33
4847,3,32
1380,4,29
2647,3,33
3539,2,29
4019,4,28
4988,6,33
813,3,26
820,5,30
1026,4,30
1993,3,33
2377,4,33
2738,4,29
4153,5,28
4182,3,33
1201,4,30
3122,5,28
1049,2,21
308,4,33
1032,5,30
1733,3,27
1839,5,32
2437,2,28
2608,3,29
3576,7,32
3736,3,30
4732,4,31
1720,6,33
1485,4,28
2173,2,30
3951,3,26
4482,6,33
4961,5,29
4968,6,33
25,4,31
273,5,29
693,2,26
2913,3,29
2673,3,33
1209,2,31
2569,1,30
2592,1,22
3051,2,22
4813,3,32
1666,1,31
35,5,27
195,5,30
456,7,33
684,3,27
1070,7,31
1234,4,29
1676,3,32
1925,2,30
2122,4,29
2263,2,32
2274,2,32
2287,3,24
2356,5,30
2373,3,33
2669,7,31
2685,6,29
3223,3,30
3428,1,32
4008,11,32
4151,5,32
4341,5,30
47,3,32
571,5,33
942,7,28
1190,5,32
3719,3,33
96,4,32
865,4,29
1316,4,29
1800,7,33
1878,3,29
2220,5,33
2861,6,33
3640,2,33
3923,6,31
4085,6,33
4108,4,30
4328,6,30
4439,4,33
4457,8,32
4795,3,30
847,5,32
905,1,21
3304,7,31
366,3,31
1170,6,30
1330,3,31
2128,4,32
3144,8,31
4509,5,33
4873,3,29
4887,6,31
830,5,32
798,6,33
1484,4,33
3254,5,27
4448,4,31
656,1,27
3208,1,32
1272,5,32
3859,2,30
454,2,30
1478,6,32
1764,1,33
3155,2,30
4473,2,31
4734,6,33
3017,3,33
1177,2,33
12,2,29
363,4,32
627,2,30
708,7,31
713,1,27
1773,2,33
2757,4,33
2944,4,33
4094,9,33
4138,3,32
4288,3,22
4298,1,26
4348,5,32
4371,6,33
4521,1,20
4546,2,29
4682,8,33
1050,6,29
3030,2,26
4262,5,33
4658,1,25
1289,2,31
3164,9,31
207,2,33
599,4,25
659,4,32
739,3,31
969,1,23
1207,6,31
1367,1,32
1470,2,25
1822,4,26
2530,6,33
3153,3,33
3478,4,31
3782,4,30
4622,6,31
4692,1,26
231,4,30
672,7,32
1503,1,22
1761,4,33
3101,4,32
3650,2,31
4103,7,32
4194,5,32
4937,4,32
1544,5,30
1885,4,33
2860,5,28
3187,5,31
3655,2,31
4966,1,32
3929,2,29
841,7,29
4730,3,32
1777,2,32
4721,5,32
931,5,26
1322,5,33
2959,3,33
230,6,33
334,2,27
686,3,30
811,6,32
1319,4,32
1469,3,30
1782,4,32
1912,5,30
1971,6,32
2156,1,29
2265,5,33
2775,9,32
2848,6,32
3963,6,28
4636,2,30
4663,8,30
149,2,30
338,5,33
573,5,32
1140,7,31
1758,6,32
2214,2,32
3472,2,29
3477,2,26
4541,5,28
2507,6,31
3497,4,29
3828,2,26
175,4,33
859,6,32
951,3,30
1321,5,29
1419,3,26
2149,2,23
2440,4,33
2459,7,31
2609,4,32
3585,2,28
3806,7,30
3936,3,32
4408,3,28
4414,7,32
4690,3,30
4823,7,32
2080,2,33
3074,5,29
2036,1,19
3120,5,33
340,7,31
367,5,29
3486,2,33
4091,2,32
3407,7,33
4317,3,33
4802,4,33
2285,6,33
2694,2,32
3222,4,32
4145,2,32
4624,1,31
4829,4,30
393,2,27
1700,2,32
2728,4,26
3586,4,33
4267,1,31
3580,1,28
4164,3,30
4564,4,28
1696,6,28
3633,2,30
1115,3,31
3726,2,33
364,2,33
65,4,31
608,9,33
1880,7,33
1913,3,33
2248,8,32
2734,6,30
2825,5,28
3532,7,33
4049,8,32
4163,1,26
4354,1,21
4517,10,31
4797,3,31
4926,3,32
1905,5,31
2066,8,30
4659,4,33
3778,2,27
4623,5,32
117,5,23
729,7,33
803,5,32
1015,1,20
1516,9,32
1618,11,29
1753,2,33
2630,7,33
2660,2,23
2933,5,31
3059,1,24
3292,7,26
3966,4,32
4273,3,29
4528,7,27
4653,5,32
4691,6,29
4784,8,31
669,4,33
910,7,28
2225,3,30
3547,4,27
4400,4,32
3662,7,30
1637,2,31
543,5,33
1886,7,31
2021,2,32
2031,6,32
2474,3,30
3116,3,30
3583,4,28
3797,8,30
3970,4,31
4619,6,31
4979,9,33
2045,2,24
2106,2,28
3765,5,32
3823,10,33
1512,4,31
754,5,30
1002,6,32
2252,3,31
3688,4,32
3772,5,32
4157,2,28
4330,2,27
3414,3,22
3528,8,33
2361,6,31
3682,4,33
548,7,31
2764,1,33
4625,1,29
437,2,26
4934,4,32
3168,2,27
1,4,29
688,4,31
826,1,32
928,6,33
1072,5,32
1760,7,28
2199,4,31
2842,2,30
3000,3,31
3557,7,33
4123,5,33
4714,6,32
2347,5,31
1007,3,27
147,5,29
412,6,33
1265,5,32
1310,3,25
1352,8,32
1370,5,32
1481,5,31
1526,6,32
1572,1,23
1779,2,30
2389,4,26
2472,3,32
3462,7,31
4383,5,27
4583,5,30
1823,1,27
3277,3,31
302,7,33
913,3,29
1573,3,31
1674,4,27
2921,3,28
3147,6,33
3325,2,32
3516,7,33
4896,2,26
4843,3,31
2185,4,32
3276,4,28
3588,7,32
3636,1,29
4677,3,30
4218,5,31
4454,3,33
4107,3,30
4329,4,33
1069,5,31
2369,3,30
353,4,30
892,5,33
1048,2,20
3396,2,31
4638,5,27
1401,1,28
4146,1,25
3089,1,27
330,5,31
3798,4,32
4794,1,23
2035,2,33
144,2,31
209,5,29
406,2,20
491,4,33
825,3,33
1342,4,28
1630,3,31
1648,3,31
1665,2,29
2013,3,27
2093,4,33
2391,4,33
2422,4,33
2770,6,32
3439,2,33
3451,7,28
3664,1,26
4071,3,28
611,2,22
781,2,32
3481,4,24
3763,4,28
4629,5,32
4803,7,31
4938,2,31
1660,5,30
1705,2,26
1863,5,29
2148,2,33
2584,5,29
2821,2,33
3351,5,32
3353,6,33
3556,5,33
3732,6,32
810,2,26
1331,1,31
2492,1,25
2934,3,29
3315,4,29
4228,4,32
1806,4,24
3026,4,30
3242,2,28
4753,2,28
750,3,24
685,2,33
935,1,24
1293,2,33
1589,2,33
3092,5,32
4070,4,25
1236,3,30
2784,3,33
3078,2,32
111,2,31
3611,2,31
519,5,33
787,5,32
1447,3,29
1719,1,23
2343,4,26
3035,5,32
4668,4,33
4696,6,33
1338,6,32
2300,4,32
371,2,28
458,4,30
467,5,33
748,5,28
2267,3,33
2310,7,33
2719,2,32
2854,4,32
3159,4,31
4655,5,32
4702,3,33
4976,6,33
1934,6,31
3734,3,31
3910,4,31
176,2,30
240,5,32
1983,2,30
2776,1,20
4051,3,28
4582,3,33
988,5,29
1369,3,29
2423,8,28
3349,4,24
1200,2,33
1805,6,31
2402,4,33
2537,2,33
3007,2,32
248,1,22
1600,4,32
3825,6,33
3804,1,21
3513,3,32
3456,3,20
3904,1,26
1451,2,27
1843,2,31
1723,3,33
3241,3,33
27,3,32
46,4,33
369,3,33
651,6,32
1305,5,31
1724,3,31
1811,3,31
2033,6,29
2116,4,30
2314,3,30
2406,2,30
2636,5,33
2973,3,30
2975,5,33
3039,5,27
3229,4,27
4255,3,33
3933,2,30
4100,4,28
486,5,33
3496,4,33
514,2,31
579,4,33
591,3,31
1152,2,30
1415,6,32
1497,5,33
1501,1,33
1535,3,30
1792,4,33
2016,4,33
2205,6,29
3386,6,33
3706,3,30
4425,5,33
182,1,20
539,2,31
2207,5,30
3536,6,33
4931,2,33
1781,2,25
2184,3,31
4520,2,29
1041,3,32
2929,2,33
3956,3,33
4946,6,32
2022,3,32
28,4,28
72,2,32
91,2,21
3405,1,25
3430,3,33
3891,1,33
2839,4,31
3667,1,33
4104,4,28
4695,4,32
529,2,28
1467,2,30
2079,1,23
1650,4,31
4356,1,24
1882,3,29
4087,2,26
192,2,31
4069,2,28
2805,2,28
2167,1,23
852,1,30
165,2,23
258,2,26
403,2,23
567,4,31
730,3,26
970,3,25
1112,2,29
1248,6,30
1324,5,23
1412,9,32
1421,3,29
1459,3,30
1492,3,33
1693,6,32
1856,3,29
2051,2,33
2499,2,30
2514,4,32
2601,3,33
2958,2,33
2962,7,32
2972,6,32
3331,6,33
4141,7,32
4444,1,23
4595,8,32
4997,4,31
2786,3,23
3445,4,33
4033,3,32
268,5,32
1119,1,28
1357,5,33
2699,7,33
3913,1,31
4126,7,31
4136,4,33
4306,2,29
4785,2,25
75,3,26
3469,4,30
4232,2,21
356,2,33
1117,1,32
1735,6,33
1751,4,22
1946,4,33
2009,2,25
2058,2,31
2502,6,31
2798,5,32
3385,4,31
3762,1,28
3932,1,27
3993,6,33
4892,4,32
1079,3,27
2533,3,26
2121,1,23
2661,1,25
4188,7,30
4904,5,31
280,4,32
3996,2,33
4289,1,27
878,4,33
3143,2,31
3206,1,32
978,4,30
1496,5,32
3077,5,30
1323,2,23
4630,2,27
3418,1,32
4927,3,33
444,3,28
554,1,24
919,2,25
1020,5,33
1061,8,27
1636,9,33
2303,5,30
2720,5,32
3034,2,30
3240,7,31
3644,3,33
3900,2,23
4310,3,33
4340,4,31
4791,5,31
4839,6,32
4852,1,27
266,3,31
768,3,32
2183,1,22
4068,4,30
4318,5,32
108,2,32
128,6,25
405,2,32
448,7,32
1378,6,30
2446,4,21
2815,3,28
1365,5,33
3659,5,32
100,9,32
286,2,28
780,1,27
974,3,33
1607,1,29
4346,6,32
1893,3,24
2099,1,25
2338,3,32
2349,3,31
3413,4,33
4657,1,25
66,5,33
805,3,27
2320,1,21
3927,1,19
1921,3,26
3300,2,25
2992,1,23
1282,2,26
4790,3,33
2178,2,25
3926,2,33
2840,1,19
3226,3,29
4487,2,23
99,6,32
161,4,29
661,2,32
1063,9,32
1121,4,33
1281,2,33
1361,7,32
1562,3,32
2040,5,33
2068,5,33
2195,3,33
2565,7,31
2657,4,30
2893,3,30
3737,2,30
3884,7,33
4114,5,32
4264,2,23
4542,2,23
4551,3,31
4590,12,33
4853,11,31
4963,4,31
237,7,33
532,4,31
761,5,30
2003,9,32
2357,2,20
4519,6,33
4557,4,32
365,4,33
1502,3,29
1795,6,33
1871,4,27
1897,10,33
2250,11,32
2467,1,24
3269,9,32
4009,6,27
4433,3,32
4708,7,33
4747,11,33
1433,7,32
1692,5,31
4409,9,33
4243,5,27
133,3,32
767,6,33
2132,6,32
2383,5,32
2884,1,33
3459,4,29
1695,2,32
3433,2,31
3654,1,21
3870,2,32
1949,4,31
3697,6,33
4301,4,28
30,1,25
2760,4,25
3050,3,26
3171,2,33
3429,6,29
3,6,32
4765,5,32
586,2,24
962,3,31
1110,1,28
4140,2,29
3523,6,33
3971,3,32
4592,1,29
142,1,32
180,6,31
233,5,32
510,2,32
1538,2,25
2017,4,26
2101,1,25
2280,2,24
2441,4,33
2729,6,32
2743,4,33
2819,6,27
3048,5,27
3368,4,27
1406,4,31
2639,5,33
3294,7,33
984,6,32
1130,5,29
1212,3,27
1776,2,30
2477,5,31
2515,2,31
2581,4,31
3343,3,28
3446,4,32
3465,4,31
4431,3,28
4499,5,31
269,5,28
414,5,32
989,2,32
4567,4,33
952,4,30
1311,4,33
2298,1,33
4064,6,33
4308,4,24
4545,3,32
4767,5,28
3249,2,25
3599,5,32
1098,6,32
1224,4,32
2011,5,32
2813,2,30
3086,4,33
3126,6,31
3237,1,33
4027,2,28
4530,3,32
4891,2,29
612,6,32
103,1,25
1390,2,31
3235,3,27
3761,5,33
89,1,29
2159,5,29
1071,4,33
792,5,29
220,6,31
436,2,32
961,6,33
1167,1,26
1306,6,33
1437,2,26
1888,3,29
1972,2,21
2559,4,33
2822,2,30
3270,2,28
3303,5,33
3362,2,29
3768,4,32
3811,5,29
3942,2,30
4099,1,26
4319,4,32
4581,5,30
4816,3,30
415,3,32
1055,4,30
1571,10,33
2994,5,29
426,3,30
490,8,32
868,8,31
1179,9,33
1930,9,30
1937,8,33
2012,4,27
2055,3,31
2292,6,32
2785,2,32
2970,3,33
3033,8,30
3197,3,23
3559,1,24
3656,5,33
3739,8,33
3776,5,29
3903,1,27
4209,6,33
2513,5,30
3191,9,33
4616,2,31
4909,8,31
990,9,32
3967,9,27
4216,5,32
499,5,32
528,4,31
1547,2,32
1876,6,32
2067,6,31
3504,2,29
4011,8,30
4260,4,31
4907,2,29
765,7,33
1374,10,33
1915,1,21
3158,3,30
3256,7,29
135,5,31
162,2,28
228,5,30
610,3,22
1143,1,31
1532,6,33
1565,5,32
2398,4,32
2952,9,33
4498,1,26
621,6,32
1584,1,22
2215,3,33
2304,1,27
4325,4,33
3562,6,32
3868,6,33
1187,1,32
2759,3,31
4396,2,24
1778,3,29
4735,5,32
904,3,26
24,3,32
39,4,31
245,6,30
1580,8,31
1780,3,33
1977,9,33
2056,1,26
2245,10,33
2482,7,29
2679,8,31
3493,14,33
3702,4,32
4858,9,31
234,6,30
1682,1,19
2405,6,33
2563,8,32
3467,12,33
4022,9,33
3200,6,33
1671,6,29
4269,4,32
374,7,29
585,7,33
1193,4,33
1842,1,23
2410,5,32
2863,6,33
2986,6,33
3441,4,27
3916,2,30
4215,3,31
836,2,29
1288,4,24
2505,7,28
3267,10,33
871,4,33
3198,2,31
1597,6,32
2739,6,33
4234,7,33
4886,3,29
570,1,20
759,3,32
4083,4,33
788,3,29
790,4,27
807,3,29
1620,3,27
2233,1,22
3549,5,32
3950,9,33
4158,6,32
2828,6,33
2881,5,33
2674,1,30
4347,2,33
6,1,24
4351,8,33
1033,1,24
3335,6,25
1840,5,33
3354,1,27
4639,3,30
3136,5,33
325,6,33
361,5,33
385,2,32
597,5,32
1125,1,29
1154,6,30
1199,3,33
2170,5,31
2307,6,30
2892,5,32
3019,6,32
3318,7,32
3722,6,33
3769,3,33
4607,6,28
1628,4,29
2111,8,33
3693,4,29
860,2,33
1188,2,28
1349,6,33
1351,5,33
1939,1,33
2105,8,33
2379,5,23
2683,3,32
2787,1,30
3219,1,22
3390,3,29
3498,3,33
3872,3,33
3894,7,33
4084,1,29
4704,6,33
4902,2,33
1120,3,32
3686,4,31
166,5,31
2868,4,28
43,3,28
102,7,33
1970,6,31
3175,4,26
4382,4,31
319,1,26
4479,8,33
4569,2,24
3108,4,33
443,1,29
679,5,31
2339,3,27
2617,1,33
2772,7,32
3455,6,31
4105,5,31
4205,7,32
4392,3,31
292,2,27
623,6,33
1687,4,27
4872,1,24
3621,3,26
4687,1,26
1269,7,33
2085,2,29
2201,7,33
4596,1,20
184,4,28
2616,2,28
281,6,32
666,8,26
1576,6,31
2362,6,30
2395,2,31
2940,5,33
3106,7,32
3264,4,33
3295,2,32
3359,5,26
3715,2,27
3878,2,31
4181,8,33
4560,6,30
4944,7,26
3595,5,33
4021,5,30
384,2,28
4326,4,29
349,1,33
849,2,28
1762,3,28
1789,5,29
1838,4,32
2230,4,26
2401,7,32
3132,7,33
4935,5,31
214,1,33
629,4,26
728,5,32
1917,1,31
3941,3,31
4309,4,30
3180,5,26
4149,1,31
320,4,26
326,6,29
422,8,33
870,4,29
1524,7,33
2620,5,32
3041,3,30
3807,4,28
4244,4,33
4882,4,30
1407,2,21
2050,4,33
2574,4,30
4110,1,20
4369,6,33
4933,2,26
4945,6,31
328,1,28
1436,2,31
1616,1,21
2957,5,31
3590,3,30
4063,2,24
1967,1,21
2831,1,25
1664,1,24
4543,1,26
208,5,32
4259,2,32
3511,3,33
471,3,31
631,5,33
698,6,33
747,1,19
827,3,32
851,5,33
1099,3,29
1135,6,32
2623,3,23
3857,4,25
4177,4,29
4417,6,31
4437,7,33
709,5,32
3233,6,33
3721,4,29
4254,4,27
2755,2,29
3006,5,33
4558,3,31
916,6,32
1124,4,30
1783,4,32
2462,5,31
2826,7,33
3110,4,32
3810,4,32
4510,4,31
4416,5,33
428,2,30
1263,5,29
2188,6,32
3031,4,32
4364,6,31
4500,2,33
2182,4,32
3953,2,26
737,1,29
855,1,21
1042,4,31
1397,2,31
2197,3,19
2334,4,33
2891,7,33
4302,5,33
1908,4,31
3620,3,29
3983,3,32
1996,5,33
2222,5,29
2473,5,32
3899,2,28
3203,5,32
4429,3,29
1474,1,28
2626,5,32
394,1,21
4344,4,31
283,4,32
965,1,32
4526,2,23
4253,3,33
447,6,33
992,6,30
1174,3,30
1221,4,30
1345,4,32
1386,6,24
1566,6,30
2665,5,33
2919,3,27
2974,7,30
3289,4,31
4129,6,33
4756,5,29
4831,4,31
560,4,32
4672,2,27
687,7,33
771,7,32
1028,3,33
1860,6,33
3861,2,32
3985,5,30
4041,4,29
4377,4,33
1360,8,33
2771,3,25
4524,2,30
4627,2,27
1435,5,33
2239,5,30
2903,6,33
3146,6,33
3856,6,32
4263,3,32
4782,2,32
4941,4,32
4894,3,27
1303,2,31
1711,3,27
2038,3,32
2291,5,33
1139,5,31
3449,2,33
59,6,32
2168,3,31
4600,1,26
337,1,29
1769,2,25
2394,2,23
3388,7,33
4970,1,33
2706,4,30
537,1,22
821,5,31
2792,1,20
164,3,29
806,3,32
835,5,32
925,4,31
964,5,31
998,9,33
2352,4,30
2489,6,31
2809,4,32
2943,7,32
3514,3,30
3648,4,32
3808,2,32
3901,4,30
4300,4,33
4525,7,32
4728,3,28
137,5,33
1787,4,31
1835,8,32
2037,8,33
3068,3,32
3881,3,30
4967,5,30
101,5,33
21,4,33
885,4,31
1802,5,28
2354,5,30
2424,6,28
2580,2,32
3075,8,32
3274,5,32
3714,4,30
3801,4,32
4446,4,29
4913,2,30
4936,6,31
533,5,33
1564,1,24
3489,2,32
3503,8,32
3725,5,30
2763,3,27
1602,5,33
1726,5,32
1748,6,30
1931,4,24
1960,5,33
3848,6,33
4106,6,30
4350,5,32
4505,6,26
2024,2,32
3243,4,29
4440,3,27
632,3,33
4925,2,27
2561,5,33
697,4,32
946,1,20
3508,4,29
3922,2,22
2560,3,33
3193,3,28
1604,4,31
2029,4,30
2731,2,29
2411,6,32
3708,3,29
2478,4,33
4901,2,28
